CN.AHCB CN.LCBC 2.9815 3.1985 2162.1929 -124.262 48.4834 -123.737 48.9325 63
CN.AHCB CN.TFRB 2.7369 3.1721 370.9937 -124.636 48.9332 -123.737 48.9325 65
CN.ALB CN.BPCB 4.2625 3.8513 7033295.3559 -123.704 48.9236 -124.829 49.27 90
CN.ALB CN.PA02 3.2057 3.3889 20803.6641 -123.449 48.6518 -124.829 49.27 122
CN.ALB CN.PA04 3.2217 3.0523 51248.2524 -123.446 48.651 -124.829 49.27 122
CN.ALB CN.TFRB 2.2079 2.5889 33.0774 -124.636 48.9332 -124.829 49.27 40
CN.ALB PB.B005 4.1248 3.622 55199938218.7 -123.503 48.0595 -124.829 49.27 166
CN.ALB TA.A04D 1.9485 2.28 157.4356 -122.706 48.7201 -124.829 49.27 166
CN.ALB TA.A05A 2.8606 3.2698 449.9951 -122.085 48.9983 -124.829 49.27 201
CN.ALB UW.PASS 2.6658 3.011 13459.5581 -122.085 48.9983 -124.829 49.27 201
CN.ALB XG.BH04 2.2994 2.4338 4220893.3319 -123.091 48.004 -124.829 49.27 190
CN.ALB XG.LC06 2.7981 3.0854 1002.549 -123.212 48.0601 -124.829 49.27 179
CN.ALB XG.PA02 1.5654 1.959 32627709.468 -123.461 48.0517 -124.829 49.27 168
CN.BIB CN.BPCB 2.941 3.1176 7918265.6453 -123.704 48.9236 -123.311 49.4103 61
CN.BIB CN.MGRB 2.8864 3.1445 2721.6559 -124.697 48.9997 -123.311 49.4103 110
CN.BPCB PB.B004 4.887 4.9289 3.69561533638e+13 -124.427 48.2019 -123.704 48.9236 96
CN.BPCB PB.B006 2.4179 2.3418 1053840321.67 -123.501 48.0588 -123.704 48.9236 97
CN.BPCB PB.B011 1.7608 1.8546 1.14798837751e+13 -123.448 48.6495 -123.704 48.9236 35
CN.BPCB PB.B926 1.6821 1.7 1.65902880717e+13 -124.131 48.8202 -123.704 48.9236 33
CN.CLRS CN.PABB 2.9175 3.106 92060.7288 -124.811 49.2188 -124.131 48.8203 66
CN.CLRS CN.SNB 3.2067 3.2366 1486.7181 -123.172 48.7751 -124.131 48.8203 70
CN.CLRS PB.B001 2.9327 3.5724 5.82662527952e+12 -123.131 48.0431 -124.131 48.8203 113
CN.CLRS PB.B010 2.6136 3.0714 5.03352652296e+13 -123.451 48.6502 -124.131 48.8203 53
CN.CPLB PO.ANMB 2.8251 3.0471 9322.7008 -122.858 49.3187 -124.751 48.6118 159
CN.CPLB PO.CLVB 3.1517 3.1542 53.7634 -123.145 49.3817 -124.751 48.6118 145
CN.CPLB PO.HBDB 2.6557 2.8691 3951.6939 -122.214 49.1697 -124.751 48.6118 195
CN.GHNB CN.PA02 4.692 3.771 86.7705 -123.449 48.6518 -124.236 49.3065 92
CN.GHNB CN.PFB 3.7146 3.0298 6821817.5278 -124.454 48.5747 -124.236 49.3065 82
CN.GHNB CN.SNB 2.9946 3.0676 19.8978 -123.172 48.7751 -124.236 49.3065 97
CN.GHNB CN.VGZ 3.195 3.3083 94.0433 -123.325 48.4131 -124.236 49.3065 119
CN.GHNB PB.B004 3.1123 2.9674 1563657901.24 -124.427 48.2019 -124.236 49.3065 123
CN.GHNB PB.B005 3.699 3.941 59747129.554 -123.503 48.0595 -124.236 49.3065 148
CN.GHNB PB.B007 3.7436 3.962 197453468.619 -123.504 48.0576 -124.236 49.3065 148
CN.GHNB PO.HBDB 3.1273 2.9418 84.8335 -122.214 49.1697 -124.236 49.3065 147
CN.GHNB XG.CL03 2.7939 2.5449 9366352.2232 -122.97 48.0719 -124.236 49.3065 165
CN.GHNB YW.PA06 2.1595 3.0369 1117568.7645 -123.467 48.0651 -124.236 49.3065 149
CN.GHNB YW.PA14 1.7521 1.771 3212730.824 -123.457 48.0715 -124.236 49.3065 148
CN.GLBC PB.B005 1.6402 1.6283 1.8524366359e+13 -123.503 48.0595 -123.636 48.396 38
CN.GLBC PB.B007 1.6525 1.6416 1.38574631994e+12 -123.504 48.0576 -123.636 48.396 38
CN.GLBC UW.MCW 3.0182 3.1248 6.31359298587e+12 -122.833 48.679 -123.636 48.396 66
CN.GLBC YW.PA15 2.0066 2.5205 8.22067900793e+12 -123.505 48.0574 -123.636 48.396 38
CN.GOBB UW.UWFH 2.7417 3.025 281996.488 -123.014 48.5455 -123.51 48.9493 57
CN.GOBB XG.CL09 2.5146 2.1029 1.16656435079e+13 -122.974 48.0703 -123.51 48.9493 105
CN.GOBB XG.PA07 4.686 4.3673 7151963.1443 -123.46 48.0578 -123.51 48.9493 99
CN.GOBB XH.SOOK1 3.3329 3.4194 1.0724678681e+13 -123.805 48.3833 -123.51 48.9493 66
CN.HNBB CN.MGB 3.1859 3.2315 20.0645 -124.697 48.9999 -122.573 49.2873 157
CN.HNBB CN.PA03 1.6591 2.1587 2186329.8603 -123.445 48.6517 -122.573 49.2873 95
CN.HNBB CN.PFB 2.58 2.9033 18.0633 -124.454 48.5747 -122.573 49.2873 158
CN.HNBB CN.PTRF 2.5741 2.8933 18.9589 -124.413 48.5442 -122.573 49.2873 157
CN.HNBB CN.WPB 2.8254 3.0536 6304370.5406 -123.209 49.6478 -122.573 49.2873 61
CN.HNBB PB.B011 2.3612 2.6859 66208287.683 -123.448 48.6495 -122.573 49.2873 95
CN.HNBB TA.A04D 3.099 3.1169 43615.9154 -122.706 48.7201 -122.573 49.2873 63
CN.HNBB UW.BLN 1.8581 2.5006 9331.0662 -122.973 48.0066 -122.573 49.2873 145
CN.HNB CN.PA02 1.6123 1.8034 26052517076.6 -123.449 48.6518 -122.579 49.2745 93
CN.HNB UW.SBES 3.0219 3.1073 51.2681 -122.416 48.7681 -122.579 49.2745 57
CN.HNB XG.BH04 2.2704 2.2344 1.67601483589e+11 -123.091 48.004 -122.579 49.2745 146
CN.HNB XG.BH05 2.5411 2.3429 1424305111.74 -123.089 48.0064 -122.579 49.2745 145
CN.HNB XG.CL02 2.365 2.4321 22902302802.7 -122.964 48.0717 -122.579 49.2745 136
CN.HNB XG.CL03 2.1188 2.2252 2.87545473384e+12 -122.97 48.0719 -122.579 49.2745 136
CN.HNB XG.DR08 2.5406 2.5277 313516.6536 -123.308 48.0033 -122.579 49.2745 151
CN.HNB XG.LC03 3.8464 3.5152 1329209.1428 -123.211 48.0551 -122.579 49.2745 143
CN.HNB XG.PA01 2.5378 2.5204 3351307198.12 -123.455 48.0568 -122.579 49.2745 149
CN.HNB XG.PA04 1.805 2.119 41566.0782 -123.466 48.0537 -122.579 49.2745 150
CN.HNB XG.PA08 1.6005 1.8941 417032091.261 -123.457 48.0517 -122.579 49.2745 150
CN.HNB XG.PA09 3.9099 3.9923 3342845614.17 -123.474 48.0566 -122.579 49.2745 150
CN.HNB XG.PA11 3.939 4.0741 1.97627439939e+12 -123.473 48.0583 -122.579 49.2745 150
CN.JRBC UW.OCP 2.7746 3.1047 1880743.7215 -124.625 48.2979 -123.96 48.3957 50
CN.JRBC UW.STW 1.7477 1.9749 2.96202176401e+12 -123.671 48.1507 -123.96 48.3957 34
CN.JRBC YW.PA04 2.9575 3.7244 105679.4787 -123.455 48.057 -123.96 48.3957 53
CN.JRBC YW.PA06 2.9674 3.747 198075182.285 -123.467 48.0651 -123.96 48.3957 51
CN.KHVB CN.LCBC 2.7134 3.1203 590.4965 -124.262 48.4834 -123.466 48.5688 59
CN.KHVB CN.PHYB 3.0569 3.2712 864.8211 -123.843 49.0828 -123.466 48.5688 63
CN.KHVB UW.OTR 3.6387 3.3845 2.82863084712e+12 -124.343 48.0864 -123.466 48.5688 84
CN.KHVB UW.SQM 3.1468 3.0235 2.59058419267e+13 -123.048 48.0737 -123.466 48.5688 63
CN.KHVB UW.UWFH 1.7046 1.7355 2744.8511 -123.014 48.5455 -123.466 48.5688 33
CN.LCBC PB.B005 3.3017 3.1051 5887069146.69 -123.503 48.0595 -124.262 48.4834 73
CN.LCBC PB.B006 3.2911 3.7124 25848050585.1 -123.501 48.0588 -124.262 48.4834 73
CN.LCBC PB.B007 3.275 3.7155 2.92499465621e+11 -123.504 48.0576 -124.262 48.4834 73
CN.LCBC UW.ERW 3.2527 3.5421 23024.1199 -122.626 48.4538 -124.262 48.4834 120
CN.LCBC UW.OBC 2.2745 2.9732 39744271869.2 -124.079 48.0351 -124.262 48.4834 51
CN.LCBC UW.OTR 2.6942 3.719 2.12526466405e+11 -124.343 48.0864 -124.262 48.4834 44
CN.LCBC XH.SOOK1 2.1668 2.2111 4.68739578784e+13 -123.805 48.3833 -124.262 48.4834 35
CN.LCBC YW.PA01 2.2851 2.3327 108031.0802 -123.471 48.0531 -124.262 48.4834 75
CN.LZB TA.B05D 1.6599 1.7979 91.0456 -122.096 48.2641 -123.824 48.6122 133
CN.LZB UW.OBC 3.0044 3.1034 1.20811418292e+13 -124.079 48.0351 -123.824 48.6122 66
CN.LZB UW.OCP 3.1223 3.2036 1.23371112041e+13 -124.625 48.2979 -123.824 48.6122 68
CN.LZB UW.PASS 2.2626 2.868 433.5337 -122.085 48.9983 -123.824 48.6122 134
CN.LZB UW.STW 2.6821 2.5858 22103968.1825 -123.671 48.1507 -123.824 48.6122 52
CN.LZB UW.UWFH 2.7838 2.9263 145885.4596 -123.014 48.5455 -123.824 48.6122 60
CN.LZB XG.CL20 2.295 2.1757 1.8583478507e+13 -122.963 48.0709 -123.824 48.6122 87
CN.LZB XG.DR03 3.4433 3.6217 6.52792596889e+12 -123.314 48.0003 -123.824 48.6122 77
CN.LZB XG.PA01 3.168 2.9753 9689540.3346 -123.455 48.0568 -123.824 48.6122 67
CN.LZB XG.PA10 3.308 3.7284 3.58508863895e+11 -123.461 48.0542 -123.824 48.6122 67
CN.LZB YW.PA01 3.1616 3.1175 75355906.6902 -123.471 48.0531 -123.824 48.6122 67
CN.LZB YW.PA02 3.304 3.9424 176359936.197 -123.465 48.0538 -123.824 48.6122 67
CN.LZB YW.PA12 2.8996 2.9979 4885327.7408 -123.453 48.0468 -123.824 48.6122 68
CN.MGB PB.B005 3.5061 3.7848 16357268.9005 -123.503 48.0595 -124.697 48.9999 136
CN.MGB PB.B006 3.5277 3.4038 22421934.242 -123.501 48.0588 -124.697 48.9999 136
CN.MGB TA.A04D 2.9647 3.1116 59.7702 -122.706 48.7201 -124.697 48.9999 148
CN.MGB XG.BH08 2.7707 2.5782 8276501.3543 -123.083 48.0067 -124.697 48.9999 162
CN.MGB XG.CL03 1.6311 1.7832 53576908.5099 -122.97 48.0719 -124.697 48.9999 163
CN.MGB XG.CL12 1.7682 1.8163 17882483.327 -122.966 48.0666 -124.697 48.9999 164
CN.MGB XG.CL19 1.6934 1.7225 1921184.6837 -122.97 48.0705 -124.697 48.9999 163
CN.MGB YW.PA14 1.5304 1.7575 95.439 -123.457 48.0715 -124.697 48.9999 137
CN.MGRB CN.VDEB 2.8817 3.0433 14.1205 -122.057 49.057 -124.697 48.9997 192
CN.MGRB PB.B006 3.531 3.4362 4.05105502619e+11 -123.501 48.0588 -124.697 48.9997 136
CN.MGRB PB.B007 3.5251 3.8194 36537876717.4 -123.504 48.0576 -124.697 48.9997 136
CN.MGRB UW.BERY 2.9827 3.1388 20.2583 -122.096 48.2641 -124.697 48.9997 207
CN.MGRB UW.NATEM 2.4278 2.6998 92.6646 -122.819 48.1059 -124.697 48.9997 170
CN.MGRB UW.OTR 2.8211 2.987 28.199 -124.345 48.0863 -124.697 48.9997 104
CN.MGRB UW.PASS 2.2431 2.753 382.1566 -122.085 48.9983 -124.697 48.9997 190
CN.MGRB UW.UWFH 2.9212 3.1868 48.5609 -123.014 48.5455 -124.697 48.9997 133
CN.NLLB CN.PA02 3.2363 3.5607 35028294.3527 -123.449 48.6518 -123.988 49.2271 75
CN.NLLB CN.PA04 3.2504 3.569 63113186.7129 -123.446 48.651 -123.988 49.2271 75
CN.NLLB CN.PA05 3.2643 3.5722 91158565.9405 -123.444 48.6497 -123.988 49.2271 75
CN.NLLB CN.PA12 3.2564 3.5737 87016515.7757 -123.45 48.6482 -123.988 49.2271 75
CN.NLLB CN.QEPB 2.7422 2.9567 73587.0169 -123.114 49.2419 -123.988 49.2271 63
CN.NLLB CN.TXB 2.8415 3.094 3586.0766 -124.438 49.698 -123.988 49.2271 61
CN.NLLB PB.B001 3.3707 3.0906 6.31974676297e+12 -123.131 48.0431 -123.988 49.2271 145
CN.NLLB TA.A04D 2.5992 2.7996 17.4013 -122.706 48.7201 -123.988 49.2271 109
CN.NLLB UW.OCP 3.042 2.8437 167328537.442 -124.625 48.2979 -123.988 49.2271 113
CN.NLLB UW.PRIN 2.4482 2.884 175.2939 -122.631 48.2117 -123.988 49.2271 150
CN.PA01 CN.SNB 1.6801 1.7653 35.8561 -123.172 48.7751 -123.447 48.6526 24
CN.PA01 CN.TXB 3.4503 3.4531 3592.3914 -124.438 49.698 -123.447 48.6526 136
CN.PA01 CN.VDB 2.534 2.7425 102.3648 -122.103 49.0261 -123.447 48.6526 106
CN.PA01 PB.B926 2.637 2.5295 7.25557111827e+12 -124.131 48.8202 -123.447 48.6526 53
CN.PA01 TA.B05D 2.0787 1.9963 962.7257 -122.096 48.2641 -123.447 48.6526 108
CN.PA01 UW.CMW 4.8574 4.3503 4.31220859e+13 -122.12 48.4235 -123.447 48.6526 100
CN.PA01 UW.SQM 3.2463 3.0579 3.83083414838e+13 -123.048 48.0737 -123.447 48.6526 70
CN.PA01 UW.UWFH 1.6278 1.7506 2.41371058253e+13 -123.014 48.5455 -123.447 48.6526 34
CN.PA02 PB.B926 2.5668 3.1114 2.43209469498e+13 -124.131 48.8202 -123.449 48.6518 53
CN.PA03 CN.SNB 1.6768 1.7583 239.2338 -123.172 48.7751 -123.445 48.6517 24
CN.PA03 PB.B926 2.6087 3.1263 2.60233610886e+13 -124.131 48.8202 -123.445 48.6517 53
CN.PA03 UW.UWFH 1.604 1.7454 2.34545063442e+13 -123.014 48.5455 -123.445 48.6517 33
CN.PA04 PB.B926 2.5938 3.1277 2.4176116267e+13 -124.131 48.8202 -123.446 48.651 53
CN.PA05 UW.SQM 3.1097 3.0709 61931534.1537 -123.048 48.0737 -123.444 48.6497 70
CN.PA05 UW.UWFH 1.6241 1.7332 2.06817291956e+13 -123.014 48.5455 -123.444 48.6497 33
CN.PA12 CN.TXB 3.4596 3.4581 51180.6851 -124.438 49.698 -123.45 48.6482 137
CN.PA12 PB.B926 2.6069 3.1246 1.1414843847e+13 -124.131 48.8202 -123.45 48.6482 53
CN.PA12 UW.SQM 1.6349 1.8503 34.7451 -123.048 48.0737 -123.45 48.6482 70
CN.PABB CN.PFB 3.5521 3.4603 102582.6341 -124.454 48.5747 -124.811 49.2188 76
CN.PABB CN.SNB 2.846 3.1184 10.3816 -123.172 48.7751 -124.811 49.2188 129
CN.PABB PB.B010 3.0593 3.2841 10147540464.6 -123.451 48.6502 -124.811 49.2188 117
CN.PABB UW.NATEM 2.5785 3.1404 612.8917 -122.819 48.1059 -124.811 49.2188 191
CN.PFB PB.B010 3.6753 3.4727 6.43601951417e+11 -123.451 48.6502 -124.454 48.5747 74
CN.PFB PB.B926 1.8419 2.6779 1.61964333776e+13 -124.131 48.8202 -124.454 48.5747 36
CN.PFB PB.B927 3.2477 2.8408 94.4874 -124.811 49.2188 -124.454 48.5747 76
CN.PFB UW.OTR 3.0713 3.7605 174577923.677 -124.343 48.0864 -124.454 48.5747 54
CN.PFB XG.PA02 1.5293 1.7234 1.8197286162e+13 -123.461 48.0517 -124.454 48.5747 93
CN.PFB XG.PA07 2.3207 2.0735 5.00003427094e+12 -123.46 48.0578 -124.454 48.5747 93
CN.PFB XG.PA12 2.1837 2.0099 5.9257811764e+11 -123.458 48.0521 -124.454 48.5747 93
CN.PGC XG.CL10 3.2527 3.6528 1.48882996134e+13 -122.976 48.0679 -123.452 48.6498 73
CN.PGC XG.CL20 3.1449 3.6456 4.67332438449e+13 -122.963 48.0709 -123.452 48.6498 73
CN.PGC XG.LC04 1.592 1.73 2211844370.2 -123.216 48.0561 -123.452 48.6498 68
CN.PGC XG.LC11 1.7369 1.551 8.05507058519e+12 -123.214 48.054 -123.452 48.6498 68
CN.PGC XG.LC12 3.3642 3.5507 1.09939440012e+12 -123.207 48.053 -123.452 48.6498 68
CN.PGC XG.PA02 2.824 2.5733 6.43478001857e+13 -123.461 48.0517 -123.452 48.6498 66
CN.PGC XG.PA13 1.5732 1.8803 2.84703370107e+11 -123.46 48.0539 -123.452 48.6498 66
CN.PHYB UW.MCW 3.9003 3.7394 3.95588848082e+13 -122.833 48.679 -123.843 49.0828 86
CN.PHYB YW.PA14 3.192 3.4094 196547.207 -123.457 48.0715 -123.843 49.0828 116
CN.PTRF PB.B005 3.8113 3.4227 3.51413269533e+13 -123.503 48.0595 -124.413 48.5442 86
CN.PTRF PB.B006 3.828 3.4361 3.69648056414e+13 -123.501 48.0588 -124.413 48.5442 86
CN.PTRF PB.B007 3.8262 3.4248 3.76967585914e+13 -123.504 48.0576 -124.413 48.5442 86
CN.PTRF PB.B009 3.8851 4.0589 8.37035966944e+12 -123.451 48.6487 -124.413 48.5442 71
CN.PTRF PB.B010 3.3881 3.3714 3.297394165e+12 -123.451 48.6502 -124.413 48.5442 71
CN.PTRF PB.B926 1.9271 2.7571 2.39863342143e+13 -124.131 48.8202 -124.413 48.5442 37
CN.PTRF PB.B927 3.6752 3.4955 837.3383 -124.811 49.2188 -124.413 48.5442 80
CN.PTRF UW.OBC 2.7266 2.8213 9473.7615 -124.079 48.0351 -124.413 48.5442 61
CN.PTRF UW.OTR 2.4692 2.2313 54.5697 -124.345 48.0863 -124.413 48.5442 51
CN.PTRF UW.PRIN 2.6661 2.8546 125.6115 -122.631 48.2117 -124.413 48.5442 136
CN.PTRF UW.STW 3.4244 2.8122 2243.0057 -123.671 48.1507 -124.413 48.5442 70
CN.SHB TA.A04D 2.1305 2.5948 4642.6409 -122.706 48.7201 -123.877 49.5985 129
CN.SHB TA.B05D 2.3201 2.4256 927101.4949 -122.096 48.2641 -123.877 49.5985 197
CN.SHB UW.CMW 2.4203 3.0457 29569.3852 -122.12 48.4235 -123.877 49.5985 183
CN.SHB UW.PASS 2.9345 3.2259 3880707.7859 -122.085 48.9983 -123.877 49.5985 146
CN.SHDB UW.UWFH 2.7523 3.5075 109915812.92 -123.014 48.5455 -123.636 48.797 53
CN.SHVB UW.CMW 2.937 3.2747 43538.4345 -122.12 48.4235 -123.636 48.4723 111
CN.SHVB UW.OTR 2.9536 2.6986 2.9408402522e+12 -124.343 48.0864 -123.636 48.4723 67
CN.SNB CN.TXB 2.8236 3.0522 22.1848 -124.438 49.698 -123.172 48.7751 137
CN.SNB PB.B005 3.8126 3.2907 1.44186159793e+13 -123.503 48.0595 -123.172 48.7751 83
CN.SNB XG.DR12 4.3437 3.4974 8.34472233532e+12 -123.313 48.0033 -123.172 48.7751 86
CN.SNB XG.LC07 4.331 4.4579 7.11457389523e+12 -123.204 48.06 -123.172 48.7751 79
CN.SNB XG.LC09 4.0742 3.7537 6.87591168456e+12 -123.211 48.0513 -123.172 48.7751 80
CN.SNB YW.PA11 3.613 2.9828 4850173713.69 -123.472 48.0563 -123.172 48.7751 82
CN.SNB YW.PA15 1.6549 1.6039 68916.2422 -123.505 48.0574 -123.172 48.7751 83
CN.SOKB PB.B001 2.6898 3.4695 6452412.5639 -123.131 48.0431 -123.673 48.3947 56
CN.SOKB PB.B010 1.8623 1.9587 1.24244746611e+14 -123.451 48.6502 -123.673 48.3947 32
CN.SOKB PB.B011 1.8913 1.9493 3.74414312197e+13 -123.448 48.6495 -123.673 48.3947 32
CN.SOKB PB.B926 3.0524 3.5012 2.09237570366e+11 -124.131 48.8202 -123.673 48.3947 58
CN.SOKB UW.OCP 3.2857 3.3063 93887836.4332 -124.625 48.2979 -123.673 48.3947 71
CN.SOKB UW.OTR 2.8116 2.618 1673.0223 -124.343 48.0864 -123.673 48.3947 60
CN.SOKB UW.SVOH 3.3886 3.4206 8.10213881747e+12 -122.633 48.2892 -123.673 48.3947 77
CN.SYMB CN.TXB 4.2101 3.801 871419.9615 -124.438 49.698 -123.799 48.5593 134
CN.SYMB PB.B926 2.1182 2.7552 3.60758413245e+13 -124.131 48.8202 -123.799 48.5593 37
CN.SYMB UW.LRIV 2.8054 3.0895 345586.6295 -123.504 48.0575 -123.799 48.5593 59
CN.SYMB UW.UWFH 2.6484 3.0433 3699.5031 -123.014 48.5455 -123.799 48.5593 57
CN.TFRB PO.HBDB 2.5407 3.1126 85.3602 -122.214 49.1697 -124.636 48.9332 178
CN.TFRB PO.PIMB 2.7674 3.0247 24.9488 -122.666 49.2743 -124.636 48.9332 148
CN.THAB UW.OBC 2.0482 1.9774 57175709832.9 -124.079 48.0351 -124.918 49.28 151
CN.THAB YW.PA14 1.732 1.873 552000.1173 -123.457 48.0715 -124.918 49.28 171
CN.TXB PB.B004 4.1477 3.9808 1.01254602669e+12 -124.427 48.2019 -124.438 49.698 166
CN.TXB PB.B005 4.8945 4.6499 1.60287596401e+11 -123.503 48.0595 -124.438 49.698 194
CN.TXB PB.B007 4.8998 4.6633 8.36730115998e+11 -123.504 48.0576 -124.438 49.698 194
CN.TXB PB.B011 3.3052 3.6543 27297521.2245 -123.448 48.6495 -124.438 49.698 137
CN.TXB PO.KLNB 3.0087 3.2473 43.1714 -123.571 48.6611 -124.438 49.698 131
CN.TXB TA.A05A 3.2189 3.1731 20.1547 -122.085 48.9983 -124.438 49.698 187
CN.TXB UW.BERY 2.5618 2.7703 2119.0544 -122.096 48.2641 -124.438 49.698 233
CN.TXB XG.CL05 3.4387 3.2743 27726385246.2 -122.977 48.0652 -124.438 49.698 210
CN.TXDB CN.VDB 3.1973 3.3402 572235798.349 -122.103 49.0261 -124.438 49.6979 184
CN.TXDB CN.VDEB 2.9839 3.1091 52.6043 -122.057 49.057 -124.438 49.6979 186
CN.TXDB UW.BERY 2.1734 2.8082 71.6496 -122.096 48.2641 -124.438 49.6979 233
CN.TXDB UW.DONK 2.1142 2.7488 72.1454 -122.157 48.4238 -124.438 49.6979 218
CN.VDB TA.A04D 2.6832 2.4587 4529.7309 -122.706 48.7201 -122.103 49.0261 55
CN.VDB UW.LRIV 1.9566 2.5167 2501161367.03 -123.504 48.0575 -122.103 49.0261 149
CN.VDB UW.OTR 2.9488 2.8944 255530.9593 -124.343 48.0864 -122.103 49.0261 195
CN.VDB UW.SLDQ 2.3065 2.1604 4.73724732206e+11 -124.141 48.0622 -122.103 49.0261 184
CN.VDB XG.CL09 2.9723 2.3849 5.14239817657e+12 -122.974 48.0703 -122.103 49.0261 124
CN.VDB XG.DR03 2.354 2.1801 31333943.039 -123.314 48.0003 -122.103 49.0261 144
CN.VDB YW.PA02 1.9668 2.0868 5034.2281 -123.465 48.0538 -122.103 49.0261 147
CN.VDB YW.PA05 2.3865 2.4989 45102.5459 -123.46 48.0576 -122.103 49.0261 146
CN.VDB YW.PA11 1.9268 2.0011 36570.2555 -123.472 48.0563 -122.103 49.0261 147
CN.VDEB PB.B004 2.491 2.969 41.2923 -124.427 48.2019 -122.057 49.057 198
CN.VDEB PB.B010 2.6371 2.7395 52806.7354 -123.451 48.6502 -122.057 49.057 111
CN.VDEB UW.MCW 2.5326 2.7698 94.9523 -122.833 48.679 -122.057 49.057 70
CN.VDEB UW.OBC 1.5851 2.2478 65166.0925 -124.079 48.0351 -122.057 49.057 187
CN.VDEB UW.OTR 2.7719 2.92 376.4281 -124.345 48.0863 -122.057 49.057 200
CN.VGZ UW.SBES 1.856 1.7108 57014710181.4 -122.416 48.7681 -123.325 48.4131 77
CN.VGZ XG.BH04 2.6243 3.5402 1.59582046154e+13 -123.091 48.004 -123.325 48.4131 48
CN.VGZ XG.BH10 2.6598 3.5133 2.64127814933e+13 -123.086 48.0037 -123.325 48.4131 48
CN.VGZ XG.CL08 2.287 3.1828 6.07150538189e+12 -122.967 48.0683 -123.325 48.4131 46
CN.VGZ XG.CL12 2.1023 2.5167 5.84672112558e+12 -122.966 48.0666 -123.325 48.4131 46
CN.VGZ XG.CL15 1.9267 2.1866 6.81423017237e+13 -122.973 48.072 -123.325 48.4131 46
CN.VGZ XG.CL20 1.9932 2.2889 1.2585127658e+13 -122.963 48.0709 -123.325 48.4131 46
CN.VGZ XG.LC02 1.8851 1.8102 9.15121082005e+12 -123.205 48.0558 -123.325 48.4131 40
CN.VGZ XG.LC10 2.2545 2.4115 6.51516214956e+12 -123.217 48.0509 -123.325 48.4131 41
CN.VGZ XG.LC13 2.0782 2.3538 7.12298768049e+12 -123.207 48.058 -123.325 48.4131 40
CN.VGZ XG.PA03 1.8334 1.6289 2.79619224186e+13 -123.472 48.0533 -123.325 48.4131 41
CN.VGZ YW.PA03 2.0278 2.1488 4.36900679421e+13 -123.457 48.0525 -123.325 48.4131 41
CN.VGZ YW.PA04 1.9596 2.1132 1.5337618596e+13 -123.455 48.057 -123.325 48.4131 40
CN.VGZ YW.PA06 1.9434 2.0913 1.71247986399e+13 -123.467 48.0651 -123.325 48.4131 40
CN.WPB UW.NATEM 2.2468 2.6456 1794493.2723 -122.819 48.1059 -123.209 49.6478 173
CN.WPB UW.OTR 2.8253 3.0339 717.9023 -124.345 48.0863 -123.209 49.6478 192
CN.WPB UW.PRIN 2.3997 2.7497 154.7313 -122.631 48.2117 -123.209 49.6478 165
CN.WPB UW.SLDQ 2.9281 3.0701 14.6736 -124.141 48.0622 -123.209 49.6478 189
CN.WPB UW.SQM 2.4043 2.5982 6942.1599 -123.048 48.0737 -123.209 49.6478 175
CN.WPB YW.PA01 1.787 2.0389 895152048.684 -123.471 48.0531 -123.209 49.6478 178
CN.WPB YW.PA14 2.1865 2.2749 63782822.9199 -123.457 48.0715 -123.209 49.6478 176
CN.YOUB PB.B001 3.1677 3.217 55343.4296 -123.131 48.0431 -124.262 48.901 126
CN.YOUB PB.B010 2.9915 3.1516 40897.4426 -123.451 48.6502 -124.262 48.901 65
CN.YOUB PB.B011 2.9906 3.8744 65894452781.1 -123.448 48.6495 -124.262 48.901 65
CN.YOUB UW.OCP 1.8271 2.3141 7370117240.9 -124.625 48.2979 -124.262 48.901 72
CN.YOUB UW.PASS 2.2167 2.6467 9114775.6576 -122.085 48.9983 -124.262 48.901 159
CN.YOUB XG.CL11 2.057 2.2067 1.42749440152e+13 -122.974 48.065 -124.262 48.901 132
CN.YOUB XG.CL12 2.0585 1.8944 1.95540139966e+13 -122.966 48.0666 -124.262 48.901 133
CN.YOUB XG.LC04 1.7501 1.7229 420599.2793 -123.216 48.0561 -124.262 48.901 121
CN.YOUB XG.PA13 1.7438 1.743 89791170376.3 -123.46 48.0539 -124.262 48.901 111
NV.NSMTC PB.B001 1.5254 1.5595 5311624232.02 -123.131 48.0431 -123.446 48.6487 71
NV.NSMTC PB.B926 4.7834 4.148 1.93819277052e+12 -124.131 48.8202 -123.446 48.6487 53
NV.NSMTC PB.B927 1.7385 1.9478 3599875464.52 -124.811 49.2188 -123.446 48.6487 118
NV.NSMTC UW.LRIV 2.1534 2.0135 3.58523380016e+12 -123.504 48.0575 -123.446 48.6487 65
PB.B001 PB.B009 3.5313 3.492 69231356.441 -123.451 48.6487 -123.131 48.0431 71
PB.B001 PO.PIMB 3.7729 3.997 10201934118.8 -122.666 49.2743 -123.131 48.0431 141
PB.B001 TA.A04A 3.6608 3.1606 1.45425642056e+13 -122.707 48.7197 -123.131 48.0431 81
PB.B001 TA.B05D 4.0855 4.2424 9.83053439373e+12 -122.096 48.2641 -123.131 48.0431 80
PB.B001 UW.DONK 1.9734 2.3906 430497902.411 -122.157 48.4238 -123.131 48.0431 83
PB.B001 UW.STW 2.1212 1.7751 220272.462 -123.671 48.1507 -123.131 48.0431 41
PB.B001 UW.UWFH 2.9103 3.2048 3.07073935566e+13 -123.014 48.5455 -123.131 48.0431 56
PB.B003 PB.B006 2.3515 1.94 2138.5253 -123.501 48.0588 -124.141 48.0624 47
PB.B003 PB.B009 4.1191 4.0545 36750732.2032 -123.451 48.6487 -124.141 48.0624 82
PB.B003 PO.COQB 2.2223 2.1536 26276814141.9 -122.775 49.3542 -124.141 48.0624 175
PB.B003 UW.LUMI 3.1736 2.834 1.87713888621e+12 -122.706 48.7201 -124.141 48.0624 128
PB.B003 UW.OPC 2.7607 2.8331 4.32262714758e+13 -123.413 48.1001 -124.141 48.0624 54
PB.B003 UW.PRIN 2.6229 2.5364 118444.7516 -122.631 48.2117 -124.141 48.0624 113
PB.B003 XG.BH10 4.0204 4.463 538916966.955 -123.086 48.0037 -124.141 48.0624 78
PB.B003 XG.CL14 4.2584 4.0624 28793559843.7 -122.968 48.0714 -124.141 48.0624 87
PB.B003 XG.CL19 4.4722 4.419 3628562409.04 -122.97 48.0705 -124.141 48.0624 87
PB.B003 XG.DR01 3.0019 3.6402 1909550595.68 -123.317 48.0093 -124.141 48.0624 61
PB.B003 XG.DR02 3.0169 3.6935 54550378044.1 -123.318 48.0033 -124.141 48.0624 61
PB.B003 XG.DR03 3.0058 2.9815 180556525.346 -123.314 48.0003 -124.141 48.0624 61
PB.B003 XG.DR04 3.2178 3.5707 9.95077926473e+12 -123.308 48.0098 -124.141 48.0624 62
PB.B003 XG.DR06 3.0586 3.3055 915570510.435 -123.312 48.006 -124.141 48.0624 61
PB.B003 XG.DR07 3.006 3.249 828181680.505 -123.318 48.006 -124.141 48.0624 61
PB.B003 XG.DR09 3.0293 3.2983 6095407.877 -123.313 48.0098 -124.141 48.0624 61
PB.B003 XG.DR12 3.0461 3.7084 6.14694121216e+12 -123.313 48.0033 -124.141 48.0624 61
PB.B003 XG.LC06 3.5862 3.8874 5401224659.5 -123.212 48.0601 -124.141 48.0624 69
PB.B003 XG.LC08 3.5785 3.5838 281171406.598 -123.205 48.0513 -124.141 48.0624 69
PB.B003 XG.PA04 2.4343 2.4046 18289.134 -123.466 48.0537 -124.141 48.0624 50
PB.B003 XG.PA05 2.5643 3.1655 34574956.0233 -123.472 48.0584 -124.141 48.0624 49
PB.B003 XG.PA08 2.6995 3.2778 5.25994005305e+11 -123.457 48.0517 -124.141 48.0624 50
PB.B003 XG.PA10 2.5043 2.4576 266940.1021 -123.461 48.0542 -124.141 48.0624 50
PB.B003 XG.PA11 2.4429 2.6561 4.92343233803e+11 -123.473 48.0583 -124.141 48.0624 49
PB.B003 XG.PA12 2.483 3.0756 994063571.489 -123.458 48.0521 -124.141 48.0624 50
PB.B003 YW.PA01 2.6144 2.9304 2716441.8965 -123.471 48.0531 -124.141 48.0624 49
PB.B003 YW.PA04 2.5811 2.8742 1169865975.23 -123.455 48.057 -124.141 48.0624 51
PB.B003 YW.PA11 2.7288 2.8396 9.99375485411e+11 -123.472 48.0563 -124.141 48.0624 49
PB.B004 PB.B009 4.355 4.291 57866923.8178 -123.451 48.6487 -124.427 48.2019 87
PB.B004 PO.HBDB 2.4127 2.6469 1.34471608007e+13 -122.214 49.1697 -124.427 48.2019 194
PB.B004 UW.CMW 4.2787 4.4554 369230376.248 -122.12 48.4235 -124.427 48.2019 172
PB.B004 XG.CL17 2.698 3.2504 1.91124616995e+12 -122.975 48.0667 -124.427 48.2019 108
PB.B004 XG.DR12 4.2237 4.1554 68192506.3756 -123.313 48.0033 -124.427 48.2019 85
PB.B004 XG.LC14 2.2162 2.1192 537358963.041 -123.213 48.0582 -124.427 48.2019 91
PB.B004 XG.PA02 1.8377 1.8894 6.6974677464e+11 -123.461 48.0517 -124.427 48.2019 73
PB.B004 XG.PA06 3.5879 3.9065 2113289.7073 -123.469 48.0557 -124.427 48.2019 72
PB.B004 XG.PA11 1.7919 1.7789 18008988.5002 -123.473 48.0583 -124.427 48.2019 72
PB.B005 PB.B009 3.2662 3.2048 1614333.0036 -123.451 48.6487 -123.503 48.0595 65
PB.B005 PO.SSIB 4.0707 3.7309 4.5301829368e+12 -123.387 48.7558 -123.503 48.0595 77
PB.B005 PO.TSJB 2.963 3.641 17391602834.0 -123.989 48.6013 -123.503 48.0595 70
PB.B005 PO.TWKB 3.0692 3.2446 11077698.1728 -123.733 48.6448 -123.503 48.0595 67
PB.B005 TA.A04D 2.3578 2.5061 1.1676427145e+13 -122.706 48.7201 -123.503 48.0595 94
PB.B005 UW.HILL 2.1043 2.5789 6157.657 -122.447 48.3881 -123.503 48.0595 86
PB.B005 UW.SQM 1.7953 1.8992 3000033.8736 -123.048 48.0737 -123.503 48.0595 33
PB.B005 XG.CL01 1.9719 2.3761 67841.244 -122.962 48.0661 -123.503 48.0595 40
PB.B006 PB.B009 3.266 3.2105 2503332.3149 -123.451 48.6487 -123.501 48.0588 65
PB.B006 UW.OPC 3.0499 3.0842 337618.4275 -123.413 48.1001 -123.501 48.0588 7
PB.B006 UW.SQM 1.7747 1.8884 3286084.2431 -123.048 48.0737 -123.501 48.0588 33
PB.B006 XG.CL01 1.9209 2.3213 6789181.8014 -122.962 48.0661 -123.501 48.0588 40
PB.B006 XG.CL04 1.836 2.5825 3522.2217 -122.978 48.0716 -123.501 48.0588 38
PB.B006 XG.CL05 1.9203 2.331 7581.7682 -122.977 48.0652 -123.501 48.0588 38
PB.B006 XG.CL07 1.9257 2.3445 795866.7691 -122.967 48.07 -123.501 48.0588 39
PB.B006 XG.CL10 1.8771 2.2951 204232.6816 -122.976 48.0679 -123.501 48.0588 39
PB.B006 XG.CL13 1.9538 2.3865 500191.2039 -122.963 48.0686 -123.501 48.0588 40
PB.B006 XG.CL20 1.9528 2.3761 30689.6702 -122.963 48.0709 -123.501 48.0588 40
PB.B007 PB.B009 3.2759 3.2208 3904603.2761 -123.451 48.6487 -123.504 48.0576 65
PB.B007 PO.GOWB 2.0012 2.2604 4451472565.29 -123.185 48.7369 -123.504 48.0576 79
PB.B007 PO.SILB 2.8775 3.0184 3.74321486385e+13 -123.282 48.602 -123.504 48.0576 62
PB.B007 UW.BLN 2.027 2.5559 1.079129096e+13 -122.973 48.0066 -123.504 48.0576 39
PB.B007 UW.DONK 2.5724 2.7441 9.59254788275e+12 -122.157 48.4238 -123.504 48.0576 107
PB.B007 UW.SBES 2.8263 2.9568 7.10753722498e+11 -122.416 48.7681 -123.504 48.0576 112
PB.B007 UW.SQM 1.7886 1.9096 20422886.6086 -123.048 48.0737 -123.504 48.0576 33
PB.B007 XG.BH01 1.652 1.8022 155409187.347 -123.078 48.0088 -123.504 48.0576 32
PB.B007 XG.CL01 1.9617 2.3731 7647.1988 -122.962 48.0661 -123.504 48.0576 40
PB.B007 XG.CL02 2.0813 2.5543 242241345.791 -122.964 48.0717 -123.504 48.0576 40
PB.B007 XG.CL03 1.9054 2.6684 291463.4408 -122.97 48.0719 -123.504 48.0576 39
PB.B007 XG.CL04 1.8771 2.6321 4624098.5684 -122.978 48.0716 -123.504 48.0576 39
PB.B007 XG.CL05 1.8792 2.3216 1459930.0727 -122.977 48.0652 -123.504 48.0576 39
PB.B007 XG.CL07 1.9464 2.3826 3179368.6768 -122.967 48.07 -123.504 48.0576 39
PB.B007 XG.CL08 1.9358 2.1418 414.2915 -122.967 48.0683 -123.504 48.0576 39
PB.B007 XG.CL09 1.9614 2.7362 464.793 -122.974 48.0703 -123.504 48.0576 39
PB.B007 XG.CL10 1.878 2.3048 45074816.7528 -122.976 48.0679 -123.504 48.0576 39
PB.B007 XG.CL11 1.9394 2.3678 269963.8779 -122.974 48.065 -123.504 48.0576 39
PB.B007 XG.CL12 1.977 2.7445 578779.5894 -122.966 48.0666 -123.504 48.0576 40
PB.B007 XG.CL13 1.9583 2.4062 169370.3257 -122.963 48.0686 -123.504 48.0576 40
PB.B007 XG.CL16 1.9109 2.3236 660145.2557 -122.977 48.0698 -123.504 48.0576 39
PB.B007 XG.CL17 1.9467 2.5777 1856322240.79 -122.975 48.0667 -123.504 48.0576 39
PB.B007 XG.CL18 1.9848 2.42 124342.7198 -122.965 48.0649 -123.504 48.0576 40
PB.B007 XG.CL20 2.0865 2.5296 8715.9808 -122.963 48.0709 -123.504 48.0576 40
PB.B009 PB.B926 2.6614 2.6112 7302.3071 -124.131 48.8202 -123.451 48.6487 53
PB.B009 UW.BLN 3.7775 3.1673 7.17469624614e+11 -122.973 48.0066 -123.451 48.6487 79
PB.B009 UW.OBC 3.9924 3.8577 1.05184063536e+12 -124.079 48.0351 -123.451 48.6487 82
PB.B009 UW.SBES 1.9541 1.8703 17773225891.4 -122.416 48.7681 -123.451 48.6487 77
PB.B009 UW.SLDQ 3.4919 3.0639 74980236163.7 -124.141 48.0622 -123.451 48.6487 82
PB.B009 UW.STW 2.7141 2.8088 1.28802048072e+11 -123.671 48.1507 -123.451 48.6487 57
PB.B009 UW.UWFH 1.6601 1.7969 36470883904.3 -123.014 48.5455 -123.451 48.6487 34
PB.B009 XG.BH01 3.7713 4.0457 895094304.746 -123.078 48.0088 -123.451 48.6487 76
PB.B009 XG.BH02 3.6823 3.949 1.0875781904e+11 -123.081 48.0069 -123.451 48.6487 76
PB.B009 XG.BH07 3.6914 3.6039 90910955964.0 -123.081 48.0032 -123.451 48.6487 76
PB.B009 XG.BH08 3.6981 3.2739 7.35405433108e+11 -123.083 48.0067 -123.451 48.6487 76
PB.B009 XG.CL01 3.5946 3.4717 13337774980.2 -122.962 48.0661 -123.451 48.6487 74
PB.B009 XG.CL02 3.5312 3.487 1154478668.07 -122.964 48.0717 -123.451 48.6487 73
PB.B009 XG.CL04 3.5084 3.7853 2.26937650193e+11 -122.978 48.0716 -123.451 48.6487 73
PB.B009 XG.CL05 3.5695 3.4814 1.28551959766e+11 -122.977 48.0652 -123.451 48.6487 73
PB.B009 XG.CL06 3.5502 3.189 70066040505.4 -122.97 48.0653 -123.451 48.6487 73
PB.B009 XG.CL09 3.5685 3.7847 57962424755.4 -122.974 48.0703 -123.451 48.6487 73
PB.B009 XG.CL10 3.5498 3.4681 27359956221.9 -122.976 48.0679 -123.451 48.6487 73
PB.B009 XG.CL11 3.561 3.4848 1668720500.34 -122.974 48.065 -123.451 48.6487 73
PB.B009 XG.CL12 3.587 3.8574 1506043024.4 -122.966 48.0666 -123.451 48.6487 74
PB.B009 XG.CL13 3.5519 3.5107 834088670.15 -122.963 48.0686 -123.451 48.6487 73
PB.B009 XG.CL14 3.6112 3.7182 938160573.921 -122.968 48.0714 -123.451 48.6487 73
PB.B009 XG.CL15 3.5256 3.4075 3129195193.12 -122.973 48.072 -123.451 48.6487 73
PB.B009 XG.CL16 3.5217 2.9163 189912191.799 -122.977 48.0698 -123.451 48.6487 73
PB.B009 XG.CL18 3.5798 3.501 4237794886.35 -122.965 48.0649 -123.451 48.6487 74
PB.B009 XG.CL20 3.5608 3.455 9834996270.44 -122.963 48.0709 -123.451 48.6487 73
PB.B009 XG.DR01 3.4751 3.3739 1.02835299071e+11 -123.317 48.0093 -123.451 48.6487 71
PB.B009 XG.DR02 3.5257 3.3983 2.25753994735e+11 -123.318 48.0033 -123.451 48.6487 72
PB.B009 XG.DR03 3.5368 3.4328 1.39657781217e+11 -123.314 48.0003 -123.451 48.6487 72
PB.B009 XG.DR04 3.5414 3.0667 1.08204806975e+11 -123.308 48.0098 -123.451 48.6487 71
PB.B009 XG.DR05 3.4984 3.4204 254079098.835 -123.309 48.0067 -123.451 48.6487 72
PB.B009 XG.DR07 3.4824 3.741 3.57928829006e+11 -123.318 48.006 -123.451 48.6487 72
PB.B009 XG.DR08 3.4912 3.4077 21179763875.2 -123.308 48.0033 -123.451 48.6487 72
PB.B009 XG.DR09 3.4352 2.6306 61288928724.5 -123.313 48.0098 -123.451 48.6487 71
PB.B009 XG.DR10 3.4856 3.1122 10011953047.4 -123.314 48.0074 -123.451 48.6487 72
PB.B009 XG.DR12 3.5985 3.6964 162079179.39 -123.313 48.0033 -123.451 48.6487 72
PB.B009 XG.LC01 3.3478 3.5677 1.33623601557e+11 -123.198 48.0536 -123.451 48.6487 68
PB.B009 XG.LC02 3.3301 3.2245 6197017591.1 -123.205 48.0558 -123.451 48.6487 68
PB.B009 XG.LC03 3.2601 3.5598 67543700325.7 -123.211 48.0551 -123.451 48.6487 68
PB.B009 XG.LC05 3.2638 2.925 1.74946588944e+11 -123.22 48.0583 -123.451 48.6487 67
PB.B009 XG.LC06 3.2174 3.5222 62772955441.2 -123.212 48.0601 -123.451 48.6487 67
PB.B009 XG.LC07 3.2829 3.2225 6954628979.92 -123.204 48.06 -123.451 48.6487 67
PB.B009 XG.LC08 3.4442 3.5127 1.25744032617e+11 -123.205 48.0513 -123.451 48.6487 68
PB.B009 XG.LC09 3.3089 3.2378 25606370853.6 -123.211 48.0513 -123.451 48.6487 68
PB.B009 XG.LC10 3.2769 2.5255 19150311723.5 -123.217 48.0509 -123.451 48.6487 68
PB.B009 XG.LC11 3.3736 3.4812 347626021.109 -123.214 48.054 -123.451 48.6487 68
PB.B009 XG.LC12 3.3697 3.8573 691263797.153 -123.207 48.053 -123.451 48.6487 68
PB.B009 XG.LC13 3.3854 3.4437 741827169.668 -123.207 48.058 -123.451 48.6487 68
PB.B009 XG.LC14 3.3323 3.4208 2250143285.75 -123.213 48.0582 -123.451 48.6487 67
PB.B009 XG.PA05 1.6342 1.7479 52557265783.2 -123.472 48.0584 -123.451 48.6487 65
PB.B009 XG.PA11 3.2454 3.0372 133087446.209 -123.473 48.0583 -123.451 48.6487 65
PB.B009 XG.PA13 3.2283 2.7713 949711660.77 -123.46 48.0539 -123.451 48.6487 66
PB.B010 PO.TSJB 1.8593 1.9934 1.91668916805e+13 -123.989 48.6013 -123.451 48.6502 39
PB.B010 TA.A04D 2.6306 2.8659 5.90528615572e+11 -122.706 48.7201 -123.451 48.6502 55
PB.B010 UW.ATES 2.9141 3.1488 11370377089.9 -122.06 48.2362 -123.451 48.6502 112
PB.B010 UW.LRIV 3.4588 3.3965 1.29705547778e+13 -123.504 48.0575 -123.451 48.6502 66
PB.B010 UW.SQM 3.6252 3.9921 13103075972.1 -123.048 48.0737 -123.451 48.6502 70
PB.B010 UW.STW 2.9052 2.4535 8.47216551387e+12 -123.671 48.1507 -123.451 48.6502 57
PB.B010 UW.UWFH 1.7675 1.9395 66690969.5532 -123.014 48.5455 -123.451 48.6502 34
PB.B010 XG.CL01 3.63 3.5431 13584584.9493 -122.962 48.0661 -123.451 48.6502 74
PB.B010 XG.CL14 3.5485 3.4888 241214234.234 -122.968 48.0714 -123.451 48.6502 73
PB.B010 XG.CL15 3.6714 3.4153 25601499144.6 -122.973 48.072 -123.451 48.6502 73
PB.B010 XG.DR07 3.4206 3.7611 484321324.525 -123.318 48.006 -123.451 48.6502 72
PB.B010 XG.LC03 3.5174 3.8973 1.96884809511e+11 -123.211 48.0551 -123.451 48.6502 68
PB.B010 XG.LC13 3.4019 3.3352 54569947.2321 -123.207 48.058 -123.451 48.6502 68
PB.B010 XG.PA03 3.251 3.5584 830429.2283 -123.472 48.0533 -123.451 48.6502 66
PB.B010 XG.PA05 3.4491 3.3501 4259175291.5 -123.472 48.0584 -123.451 48.6502 65
PB.B010 XG.PA09 3.266 3.56 35459.0442 -123.474 48.0566 -123.451 48.6502 66
PB.B011 PB.B926 2.7098 2.6123 5026.4602 -124.131 48.8202 -123.448 48.6495 53
PB.B011 UW.BLN 4.2322 4.0319 25180029054.3 -122.973 48.0066 -123.448 48.6495 79
PB.B011 UW.OBC 4.3141 4.1563 129334261.103 -124.079 48.0351 -123.448 48.6495 82
PB.B011 UW.SBES 3.9329 4.0121 264119782.297 -122.416 48.7681 -123.448 48.6495 76
PB.B011 UW.SLDQ 3.6613 3.2983 4.97875056735e+11 -124.141 48.0622 -123.448 48.6495 83
PB.B011 UW.SQM 3.595 3.5987 178983447.187 -123.048 48.0737 -123.448 48.6495 70
PB.B011 XG.BH10 3.8776 4.3162 28059495027.0 -123.086 48.0037 -123.448 48.6495 76
PB.B011 XG.CL01 3.5262 3.6076 120.6673 -122.962 48.0661 -123.448 48.6495 74
PB.B011 XG.CL19 3.7239 3.7431 545918.5895 -122.97 48.0705 -123.448 48.6495 73
PB.B011 XG.DR07 3.462 3.1688 12338251.2789 -123.318 48.006 -123.448 48.6495 72
PB.B011 XG.DR12 3.6004 3.697 311526695.896 -123.313 48.0033 -123.448 48.6495 72
PB.B011 XG.LC06 3.5401 3.8705 1955442578.04 -123.212 48.0601 -123.448 48.6495 67
PB.B011 XG.LC11 3.3706 3.4807 744256703.936 -123.214 48.054 -123.448 48.6495 68
PB.B011 XG.LC12 3.3636 3.1523 1779121720.38 -123.207 48.053 -123.448 48.6495 68
PB.B011 XG.LC13 3.3785 3.4421 2210643207.06 -123.207 48.058 -123.448 48.6495 68
PB.B011 XG.LC14 3.3239 3.4235 4830884840.49 -123.213 48.0582 -123.448 48.6495 68
PB.B011 XG.PA07 3.1121 3.4629 18186286.5458 -123.46 48.0578 -123.448 48.6495 65
PB.B011 XG.PA09 3.3646 3.7155 7153.9031 -123.474 48.0566 -123.448 48.6495 65
PB.B011 XG.PA11 3.2447 3.0394 162486571.494 -123.473 48.0583 -123.448 48.6495 65
PB.B011 XG.PA12 3.2245 3.3867 390690141.785 -123.458 48.0521 -123.448 48.6495 66
PB.B926 XG.PA11 4.8061 4.3139 2179562269.16 -123.473 48.0583 -124.131 48.8202 97
PB.B926 XG.PA13 4.8504 4.7031 16748251927.5 -123.46 48.0539 -124.131 48.8202 98
PB.B927 TA.A04A 2.7507 2.9782 6189.442 -122.707 48.7197 -124.811 49.2188 163
PB.B927 TA.A04D 2.8143 2.8005 15.3325 -122.706 48.7201 -124.811 49.2188 163
PB.B927 TA.A05A 2.6824 2.7987 765.4679 -122.085 48.9983 -124.811 49.2188 199
PB.B927 UW.LRIV 2.8364 2.9214 21.0405 -123.504 48.0575 -124.811 49.2188 160
PB.B927 XG.BH09 3.0024 3.0286 64245629.3843 -123.087 48.0062 -124.811 49.2188 185
PB.B927 XG.LC10 2.941 3.5462 646872699.727 -123.217 48.0509 -124.811 49.2188 174
PB.B927 XG.PA08 3.8612 3.5887 2958864842.53 -123.457 48.0517 -124.811 49.2188 163
PB.B927 XG.PA13 4.0398 3.9163 10191327831.3 -123.46 48.0539 -124.811 49.2188 163
PO.CLVB TA.A04A 1.8697 2.4173 148.1748 -122.707 48.7197 -123.145 49.3817 80
PO.CLVB UW.BLN 2.4028 2.2353 98972209.2459 -122.973 48.0066 -123.145 49.3817 153
PO.CLVB UW.UWFH 1.6364 1.7357 53.7745 -123.014 48.5455 -123.145 49.3817 93
PO.COQB UW.CMW 2.1038 2.8703 2461805.6458 -122.12 48.4235 -122.775 49.3542 114
PO.GOWB UW.SVOH 2.9548 2.0433 4834489078.04 -122.633 48.2892 -123.185 48.7369 64
PO.GOWB YW.PA14 1.8195 1.8616 32058.9945 -123.457 48.0715 -123.185 48.7369 76
PO.KELB UW.MCW 2.6767 2.8979 120056285.767 -122.833 48.679 -123.57 48.6611 54
PO.KLNB UW.OBC 3.598 3.5254 7.32941556474e+12 -124.079 48.0351 -123.571 48.6611 79
PO.KLNB XH.SOOK1 1.6194 1.5457 1.44743509849e+13 -123.805 48.3833 -123.571 48.6611 35
PO.KLNB YW.PA14 2.4314 3.1671 407110.955 -123.457 48.0715 -123.571 48.6611 66
PO.PGCB UW.CMW 3.6205 4.054 4.95241960237e+12 -122.12 48.4235 -123.452 48.6498 101
PO.PIMB UW.BLN 2.3183 2.3138 330501396.135 -122.973 48.0066 -122.666 49.2743 142
PO.PIMB UW.ERW 1.6859 1.7594 6820972.186 -122.626 48.4538 -122.666 49.2743 91
PO.SILB XH.SOOK1 1.9124 1.7108 3.17633835362e+13 -123.805 48.3833 -123.282 48.602 45
PO.SSIB TA.A05A 1.7899 2.1193 49624364.1349 -122.085 48.9983 -123.387 48.7558 98
PO.SSIB UW.MCW 2.4178 2.6383 29510208416.4 -122.833 48.679 -123.387 48.7558 41
PO.SSIB YW.PA02 3.485 3.544 1.20622672139e+13 -123.465 48.0538 -123.387 48.7558 78
PO.SSIB YW.PA15 2.0496 2.1141 625953.2602 -123.505 48.0574 -123.387 48.7558 78
PO.TSJB UW.OBC 3.1597 3.3104 54157221864.4 -124.079 48.0351 -123.989 48.6013 63
PO.TSJB UW.OCP 2.6016 3.0666 7.51044324022e+11 -124.625 48.2979 -123.989 48.6013 57
PO.TSJB UW.OPC 3.3306 3.1197 2931670.1355 -123.413 48.1001 -123.989 48.6013 70
PO.TSJB UW.STW 2.8852 3.134 2862314902.03 -123.671 48.1507 -123.989 48.6013 55
PO.TSJB UW.UWFH 2.9465 2.9702 2537550160.64 -123.014 48.5455 -123.989 48.6013 72
PO.TSJB XH.SOOK1 1.63 1.6631 19952659860.0 -123.805 48.3833 -123.989 48.6013 27
PO.TSJB YW.PA13 3.2874 3.0768 177702.0705 -123.41 48.0501 -123.989 48.6013 74
PO.TWGB UW.OPC 3.6438 3.2211 8854306.3614 -123.413 48.1001 -124.256 48.6076 84
PO.TWGB XH.SOOK1 1.8046 2.3023 1.45441954985e+13 -123.805 48.3833 -124.256 48.6076 41
PO.TWKB TA.B04A 3.0712 3.3438 5.14129291849e+12 -123.504 48.0575 -123.733 48.6448 67
PO.TWKB YW.PA15 3.3028 3.3872 5.72069461688e+11 -123.505 48.0574 -123.733 48.6448 67
TA.A04A TA.B05A 2.8406 2.8038 143312.895 -122.096 48.2641 -122.707 48.7197 67
TA.A04A UW.BLN 2.0013 2.3872 228871652.671 -122.973 48.0066 -122.707 48.7197 81
TA.A04D UW.CMW 2.6578 2.9369 296732208.669 -122.12 48.4235 -122.706 48.7201 54
TA.A05A UW.CMW 2.3261 2.6318 364.024 -122.12 48.4235 -122.085 48.9983 63
TA.B05D UW.MCW 1.7712 1.9322 7284731.5146 -122.833 48.679 -122.096 48.2641 71
TA.B05D UW.OBC 1.9274 1.8289 2160112.5114 -124.079 48.0351 -122.096 48.2641 149
TA.B05D UW.OCP 1.5934 1.7668 13024739.6644 -124.625 48.2979 -122.096 48.2641 187
TA.B05D UW.PASS 3.908 3.4039 1.86933053875e+12 -122.085 48.9983 -122.096 48.2641 81
TA.B05D UW.SBES 1.8336 1.734 5.14273080766e+11 -122.416 48.7681 -122.096 48.2641 60
TA.B05D UW.UWFH 1.8265 2.4688 2.33059433555e+12 -123.014 48.5455 -122.096 48.2641 74
UW.ATES UW.STW 1.699 1.7255 145434256.051 -123.671 48.1507 -122.06 48.2362 119
UW.ATES UW.SVOH 1.8893 1.9619 14832288268.0 -122.633 48.2892 -122.06 48.2362 42
UW.ATES UW.UWFH 3.4078 2.824 3.27281066747e+12 -123.014 48.5455 -122.06 48.2362 78
UW.ATES XG.BH01 2.0144 2.4702 12609311075.7 -123.078 48.0088 -122.06 48.2362 79
UW.ATES XG.LC07 4.2469 3.8839 2.32462837875e+13 -123.204 48.06 -122.06 48.2362 87
UW.BERY UW.SVOH 1.9647 2.5176 2337.6728 -122.633 48.2892 -122.096 48.2641 39
UW.BLN UW.SVOH 1.9867 2.4777 634829.4679 -122.633 48.2892 -122.973 48.0066 40
UW.BLN XG.PA02 1.8622 1.6297 1006167898.65 -123.461 48.0517 -122.973 48.0066 36
UW.BLN XG.PA04 1.7606 1.9687 1873688623.45 -123.466 48.0537 -122.973 48.0066 37
UW.BLN XG.PA08 1.7837 2.0076 1878645222.91 -123.457 48.0517 -122.973 48.0066 36
UW.BLN XG.PA10 1.8195 2.2297 966363.5296 -123.461 48.0542 -122.973 48.0066 36
UW.BLN XG.PA11 1.8266 2.2512 108426568.394 -123.473 48.0583 -122.973 48.0066 37
UW.BLN YW.PA06 1.8234 2.3984 830997783.881 -123.467 48.0651 -122.973 48.0066 37
UW.BLN YW.PA11 1.7779 1.9517 13181180.6091 -123.472 48.0563 -122.973 48.0066 37
UW.CMW UW.SVOH 2.0738 2.5457 5559841922.99 -122.633 48.2892 -122.12 48.4235 40
UW.CMW XG.BH02 4.1818 4.17 80581044965.7 -123.081 48.0069 -122.12 48.4235 84
UW.CMW XG.BH03 2.1286 2.1545 8.99366565971e+11 -123.087 48.0012 -122.12 48.4235 85
UW.CMW XG.BH09 2.1148 2.0833 4.19940664305e+12 -123.087 48.0062 -122.12 48.4235 85
UW.CMW XG.CL01 3.6799 4.0127 2.20457215004e+11 -122.962 48.0661 -122.12 48.4235 73
UW.CMW XG.CL09 3.6716 3.7509 1.03487017485e+12 -122.974 48.0703 -122.12 48.4235 74
UW.CMW XG.CL12 3.6968 3.6376 305486265.027 -122.966 48.0666 -122.12 48.4235 74
UW.CMW XG.CL15 3.6998 4.029 22714478592.1 -122.973 48.072 -122.12 48.4235 74
UW.CMW XG.DR01 4.9675 4.4719 82119511300.7 -123.317 48.0093 -122.12 48.4235 99
UW.CMW XG.DR09 4.8569 4.1985 1.40041666172e+12 -123.313 48.0098 -122.12 48.4235 99
UW.CMW XG.LC01 2.1553 2.1273 7.79980678629e+12 -123.198 48.0536 -122.12 48.4235 89
UW.CMW XG.LC13 4.3864 4.239 7.53849614485e+11 -123.207 48.058 -122.12 48.4235 90
UW.CMW XG.PA01 2.6446 2.6888 1.55086135004e+13 -123.455 48.0568 -122.12 48.4235 106
UW.CMW XG.PA06 2.702 2.5102 15653400501.5 -123.469 48.0557 -122.12 48.4235 107
UW.CMW XG.PA11 2.6511 2.7025 8.36717152696e+12 -123.473 48.0583 -122.12 48.4235 108
UW.ERW YW.PA03 3.4021 3.8695 7.90116380678e+11 -123.457 48.0525 -122.626 48.4538 76
UW.ERW YW.PA06 1.868 2.0967 2.70943019059e+11 -123.467 48.0651 -122.626 48.4538 75
UW.LRIV UW.UWFH 3.0225 3.0801 1874839.106 -123.014 48.5455 -123.504 48.0575 65
UW.LRIV XG.BH02 1.684 1.6173 1.64340756067e+13 -123.081 48.0069 -123.504 48.0575 31
UW.LRIV XG.CL05 1.8842 1.8163 3.79305259664e+13 -122.977 48.0652 -123.504 48.0575 39
UW.LRIV XG.CL10 1.8906 1.8136 3.65257964056e+13 -122.976 48.0679 -123.504 48.0575 39
UW.LRIV XG.CL13 1.9968 2.9527 4.28268146487e+13 -122.963 48.0686 -123.504 48.0575 40
UW.LRIV XG.LC02 1.6273 1.8788 5693.128 -123.205 48.0558 -123.504 48.0575 22
UW.MCW XG.BH06 3.785 4.2267 22351905456.2 -123.085 48.0087 -122.833 48.679 76
UW.MCW XG.CL02 3.4308 2.7771 1.01258676573e+13 -122.964 48.0717 -122.833 48.679 68
UW.MCW XG.CL12 3.3849 2.8196 1049686408.21 -122.966 48.0666 -122.833 48.679 68
UW.MCW XG.CL14 3.3723 3.3621 30400103652.1 -122.968 48.0714 -122.833 48.679 68
UW.MCW XG.CL15 3.3873 3.696 96774680974.9 -122.973 48.072 -122.833 48.679 68
UW.MCW XG.CL16 3.404 3.7009 9204009189.01 -122.977 48.0698 -122.833 48.679 68
UW.MCW XG.DR04 4.1117 3.6438 26341460595.4 -123.308 48.0098 -122.833 48.679 82
UW.MCW XG.DR05 4.0998 3.6911 3.1018667742e+11 -123.309 48.0067 -122.833 48.679 82
UW.MCW XG.DR07 4.0532 4.1005 1.06715330901e+13 -123.318 48.006 -122.833 48.679 83
UW.MCW XG.DR10 3.7902 3.9232 67790592.3093 -123.314 48.0074 -122.833 48.679 82
UW.MCW XG.LC02 1.9205 1.9093 5.73958441978e+13 -123.205 48.0558 -122.833 48.679 74
UW.MCW XG.LC03 3.6967 3.792 2.81564123871e+13 -123.211 48.0551 -122.833 48.679 74
UW.MCW XG.LC07 3.657 3.7407 93667313125.5 -123.204 48.06 -122.833 48.679 74
UW.MCW XG.LC09 3.8285 3.9933 4.84633053581e+11 -123.211 48.0513 -122.833 48.679 75
UW.MCW XG.PA04 4.167 4.5583 3392628473.14 -123.466 48.0537 -122.833 48.679 83
UW.MCW XG.PA07 4.0504 3.9204 27687772.7797 -123.46 48.0578 -122.833 48.679 83
UW.MCW YW.PA01 4.0399 3.4759 43003506272.9 -123.471 48.0531 -122.833 48.679 84
UW.OBC XG.CL01 3.9162 3.9248 267084469.646 -122.962 48.0661 -124.079 48.0351 83
UW.OBC XG.CL11 3.777 3.8462 239252190.057 -122.974 48.065 -124.079 48.0351 82
UW.OBC XG.DR01 2.614 3.3044 478813659.193 -123.317 48.0093 -124.079 48.0351 56
UW.OBC XG.DR02 2.6452 3.3137 20580709877.1 -123.318 48.0033 -124.079 48.0351 56
UW.OBC XG.DR05 2.6667 3.2417 1.22485021554e+11 -123.309 48.0067 -124.079 48.0351 57
UW.OBC XG.DR12 2.7872 3.0524 704857741.708 -123.313 48.0033 -124.079 48.0351 57
UW.OBC XG.PA02 2.3616 2.6086 1.92003314539e+12 -123.461 48.0517 -124.079 48.0351 45
UW.OBC XG.PA04 2.2495 2.8918 5.4260835564e+12 -123.466 48.0537 -124.079 48.0351 45
UW.OBC XG.PA10 2.1781 2.2095 5045262.6213 -123.461 48.0542 -124.079 48.0351 46
UW.OBC XG.PA11 2.2296 2.7069 2226891111.22 -123.473 48.0583 -124.079 48.0351 45
UW.OBC XG.PA13 2.29 2.8097 9520257.8859 -123.46 48.0539 -124.079 48.0351 46
UW.OBC XH.SOOK3 2.1651 2.1478 596611.095 -123.803 48.3845 -124.079 48.0351 43
UW.OBC XH.SOOK4 2.1979 2.7244 152.8635 -123.801 48.3829 -124.079 48.0351 43
UW.OBC XH.SOOK5 2.1021 2.6514 25262412.6627 -123.805 48.3822 -124.079 48.0351 43
UW.OBC YW.PA02 2.2128 2.5708 2381890.676 -123.465 48.0538 -124.079 48.0351 45
UW.OBC YW.PA05 2.1684 2.5205 52330789.0102 -123.46 48.0576 -124.079 48.0351 46
UW.OBC YW.PA06 2.0058 2.5073 6567.3495 -123.467 48.0651 -124.079 48.0351 45
UW.OBC YW.PA11 2.1581 2.5956 65010906467.7 -123.472 48.0563 -124.079 48.0351 45
UW.OBC YW.PA12 2.3184 3.474 1261.1375 -123.453 48.0468 -124.079 48.0351 46
UW.OBC YW.PA13 2.6504 2.3098 2.0486803137e+13 -123.41 48.0501 -124.079 48.0351 49
UW.OCP XG.DR12 4.9476 4.4711 4176702288.92 -123.313 48.0033 -124.625 48.2979 102
UW.OCP XG.PA08 4.5093 4.4778 76013120.5549 -123.457 48.0517 -124.625 48.2979 90
UW.OCP XH.SOOK5 3.6062 3.2053 4899.193 -123.805 48.3822 -124.625 48.2979 61
UW.OCP YW.PA01 4.4609 3.804 2210836043.62 -123.471 48.0531 -124.625 48.2979 89
UW.OPC UW.SVOH 2.9319 2.6075 42002311618.2 -122.633 48.2892 -123.413 48.1001 61
UW.OPC XH.SOOK1 2.1096 2.1812 20962849.7688 -123.805 48.3833 -123.413 48.1001 42
UW.OPC XH.SOOK3 2.0916 2.1769 40911013602.7 -123.803 48.3845 -123.413 48.1001 42
UW.OPC XH.SOOK4 2.0736 2.1646 82054977798.8 -123.801 48.3829 -123.413 48.1001 42
UW.OPC XH.SOOK5 2.1074 2.7305 1.06403913629e+11 -123.805 48.3822 -123.413 48.1001 42
UW.OPC YW.PA06 2.1602 2.9559 392.7195 -123.467 48.0651 -123.413 48.1001 5
UW.OTR XG.PA02 2.9298 3.22 1596502.8389 -123.461 48.0517 -124.343 48.0864 65
UW.OTR XH.SOOK3 2.5861 2.5496 338.2072 -123.803 48.3845 -124.343 48.0864 51
UW.OTR XH.SOOK4 2.6001 3.1657 17844503.6039 -123.801 48.3829 -124.343 48.0864 51
UW.OTR XH.SOOK5 2.5392 3.1189 423.4278 -123.805 48.3822 -124.343 48.0864 51
UW.OTR YW.PA01 3.2075 3.3379 229271832.258 -123.471 48.0531 -124.343 48.0864 64
UW.OTR YW.PA02 3.2041 3.5399 71132771.2287 -123.465 48.0538 -124.343 48.0864 65
UW.OTR YW.PA04 3.207 3.5908 441078004.404 -123.455 48.057 -124.343 48.0864 66
UW.OTR YW.PA06 3.2002 3.6262 33158405.6425 -123.467 48.0651 -124.343 48.0864 65
UW.OTR YW.PA15 3.0884 3.5629 24246769486.3 -123.505 48.0574 -124.343 48.0864 62
UW.PASS UW.SBES 1.7377 1.9852 64073.0243 -122.416 48.7681 -122.085 48.9983 35
UW.PASS UW.SQM 2.9367 2.807 16247.9144 -123.048 48.0737 -122.085 48.9983 124
UW.PASS UW.STW 2.4926 2.8171 557.9598 -123.671 48.1507 -122.085 48.9983 150
UW.PASS XG.BH01 2.2032 2.1362 96341113.1517 -123.078 48.0088 -122.085 48.9983 132
UW.PASS XG.CL19 4.9671 3.8441 62377541672.1 -122.97 48.0705 -122.085 48.9983 122
UW.PASS XG.CL53 2.695 2.7483 46996982.9162 -122.974 48.0673 -122.085 48.9983 122
UW.PASS XG.LC09 2.1384 1.9913 1832127.487 -123.211 48.0513 -122.085 48.9983 134
UW.PASS XG.PA54 1.84 1.833 178402.6245 -123.471 48.0554 -122.085 48.9983 146
UW.PASS XG.PA60 1.7528 2.1347 57195.6724 -123.471 48.0542 -122.085 48.9983 146
UW.SBES UW.SQM 4.3579 4.6004 1.19716575826e+13 -123.048 48.0737 -122.416 48.7681 90
UW.SBES XG.BH53 4.8007 4.9496 6882722111.67 -123.084 48.0059 -122.416 48.7681 98
UW.SBES XG.BH56 4.8265 4.9788 4.72716737877e+11 -123.09 48.0019 -122.416 48.7681 98
UW.SBES XG.BH57 4.7863 4.8355 6.7250845979e+13 -123.089 48.0042 -122.416 48.7681 98
UW.SBES XG.BH58 4.7549 4.8313 8.49178841632e+13 -123.088 48.0057 -122.416 48.7681 98
UW.SBES XG.CL14 2.0217 1.9892 1.66597617995e+12 -122.968 48.0714 -122.416 48.7681 87
UW.SBES XG.CL15 4.3758 4.2908 6.69286213523e+11 -122.973 48.072 -122.416 48.7681 87
UW.SBES XG.CL57 4.5867 4.5257 682566.7804 -122.968 48.0695 -122.416 48.7681 87
UW.SBES XG.CL60 4.105 4.2406 6754272.4605 -122.967 48.0652 -122.416 48.7681 88
UW.SBES XG.LC12 4.9015 4.027 23759762634.4 -123.207 48.053 -122.416 48.7681 98
UW.SBES XG.LC52 4.8386 4.4976 25915279330.1 -123.208 48.0511 -122.416 48.7681 98
UW.SBES XG.LC53 4.8086 4.4797 39111564486.1 -123.207 48.0556 -122.416 48.7681 98
UW.SBES XG.LC54 4.7998 4.5224 39802612353.3 -123.21 48.053 -122.416 48.7681 98
UW.SBES XG.LC55 4.7688 4.4565 1.24578258353e+11 -123.216 48.0546 -122.416 48.7681 98
UW.SBES XG.LC56 4.8066 4.5269 24503257495.5 -123.22 48.0562 -122.416 48.7681 98
UW.SBES XG.LC58 4.788 4.4717 17490722231.8 -123.208 48.0599 -122.416 48.7681 98
UW.SBES XG.LC59 4.7997 4.5136 21455155761.6 -123.213 48.0563 -122.416 48.7681 98
UW.SBES XG.LC60 4.7854 4.5027 29660923334.8 -123.21 48.0569 -122.416 48.7681 98
UW.SBES XG.PA05 1.5573 1.7225 3.50794732406e+12 -123.472 48.0584 -122.416 48.7681 110
UW.SBES XG.PA08 2.7653 2.5005 7879595230.03 -123.457 48.0517 -122.416 48.7681 110
UW.SBES XG.PA12 2.7597 2.4941 3102577879.48 -123.458 48.0521 -122.416 48.7681 110
UW.SBES YW.PA04 4.6854 4.7786 611872151.207 -123.455 48.057 -122.416 48.7681 110
UW.SBES YW.PA06 2.6868 2.6513 97885608698.2 -123.467 48.0651 -122.416 48.7681 110
UW.SQM UW.SVOH 1.8322 1.6859 18092208740.3 -122.633 48.2892 -123.048 48.0737 39
UW.SQM UW.UWFH 2.5715 3.2164 43940354802.8 -123.014 48.5455 -123.048 48.0737 52
UW.SQM XG.PA06 1.7728 2.8225 15990491.3302 -123.469 48.0557 -123.048 48.0737 31
UW.SQM XH.SOOK1 3.1638 2.7975 2.1314948803e+14 -123.805 48.3833 -123.048 48.0737 65
UW.STW XG.BH01 2.2818 2.3898 10017775.5957 -123.078 48.0088 -123.671 48.1507 46
UW.STW XG.BH05 2.2435 2.3418 54404417.3994 -123.089 48.0064 -123.671 48.1507 46
UW.STW XG.BH06 2.2358 2.2854 199711493.632 -123.085 48.0087 -123.671 48.1507 46
UW.STW XG.BH07 2.3124 2.1974 41086583.6752 -123.081 48.0032 -123.671 48.1507 46
UW.STW XG.BH08 2.3207 2.5155 9071808.895 -123.083 48.0067 -123.671 48.1507 46
UW.STW XG.BH09 2.2514 2.3395 204558713.031 -123.087 48.0062 -123.671 48.1507 46
UW.STW XG.BH10 2.2571 2.378 280308.6429 -123.086 48.0037 -123.671 48.1507 46
UW.STW XG.BH11 2.3005 2.9206 754527245.437 -123.08 48.0067 -123.671 48.1507 46
UW.STW XG.BH51 2.305 2.9658 6163810051.81 -123.087 48.0074 -123.671 48.1507 46
UW.STW XG.BH52 2.3372 3.0323 2.84331778543e+11 -123.081 48.0089 -123.671 48.1507 46
UW.STW XG.BH53 2.3212 2.9562 369818303.076 -123.084 48.0059 -123.671 48.1507 46
UW.STW XG.BH54 2.4209 3.039 2.01204217335e+12 -123.083 48.0042 -123.671 48.1507 46
UW.STW XG.BH55 2.3077 2.9803 1.47579664895e+11 -123.087 48.0028 -123.671 48.1507 46
UW.STW XG.BH56 2.3352 2.9643 45116239288.6 -123.09 48.0019 -123.671 48.1507 46
UW.STW XG.BH57 2.2395 2.8886 20915384213.5 -123.089 48.0042 -123.671 48.1507 46
UW.STW XG.BH58 2.2661 2.9237 19923970508.5 -123.088 48.0057 -123.671 48.1507 46
UW.STW XG.BH59 2.3042 2.9773 61609966508.0 -123.085 48.005 -123.671 48.1507 46
UW.STW XG.BH60 2.3485 2.9676 3115034557.48 -123.084 48.0074 -123.671 48.1507 46
UW.STW XG.CL02 2.5801 2.4287 6.18884757798e+11 -122.964 48.0717 -123.671 48.1507 53
UW.STW XG.CL03 2.6277 3.3281 1675710722.77 -122.97 48.0719 -123.671 48.1507 52
UW.STW XG.CL04 2.5808 3.2633 20254841553.6 -122.978 48.0716 -123.671 48.1507 52
UW.STW XG.CL06 2.6567 3.3513 4671813034.76 -122.97 48.0653 -123.671 48.1507 52
UW.STW XG.CL07 2.6048 2.9678 12519390726.0 -122.967 48.07 -123.671 48.1507 53
UW.STW XG.CL08 2.6287 2.6629 6943504790.49 -122.967 48.0683 -123.671 48.1507 53
UW.STW XG.CL09 2.5766 2.6254 64894827404.0 -122.974 48.0703 -123.671 48.1507 52
UW.STW XG.CL10 2.5563 2.9054 4.58904425595e+12 -122.976 48.0679 -123.671 48.1507 52
UW.STW XG.CL11 2.629 2.6683 1371863637.05 -122.974 48.065 -123.671 48.1507 52
UW.STW XG.CL13 2.6043 2.4369 12017056710.8 -122.963 48.0686 -123.671 48.1507 53
UW.STW XG.CL16 2.6936 2.6724 292668847.812 -122.977 48.0698 -123.671 48.1507 52
UW.STW XG.CL17 2.6142 2.9139 27193056784.7 -122.975 48.0667 -123.671 48.1507 52
UW.STW XG.CL19 2.3836 2.935 1.02990219919e+14 -122.97 48.0705 -123.671 48.1507 52
UW.STW XG.CL52 2.5428 2.579 70934746.9738 -122.975 48.0692 -123.671 48.1507 52
UW.STW XG.CL53 2.5641 2.8882 6.99761744904e+12 -122.974 48.0673 -123.671 48.1507 52
UW.STW XG.CL54 2.3718 3.1349 805344.0277 -122.972 48.0667 -123.671 48.1507 52
UW.STW XG.CL55 2.6362 3.0493 6.61583783948e+11 -122.968 48.0671 -123.671 48.1507 53
UW.STW XG.CL58 2.5356 3.1637 3.20088178469e+11 -122.966 48.0715 -123.671 48.1507 53
UW.STW XG.CL60 2.6707 3.5588 11369063472.3 -122.967 48.0652 -123.671 48.1507 53
UW.STW XG.DR52 1.6673 1.8484 1.01497111042e+13 -123.309 48.01 -123.671 48.1507 31
UW.STW XG.LC02 1.7689 1.6754 69995399.6092 -123.205 48.0558 -123.671 48.1507 36
UW.STW XG.LC03 1.7632 2.3373 282894818.79 -123.211 48.0551 -123.671 48.1507 35
UW.STW XG.LC06 1.7182 2.5038 26498204.9701 -123.212 48.0601 -123.671 48.1507 35
UW.STW XG.LC07 1.7635 2.6333 820247138.1 -123.204 48.06 -123.671 48.1507 36
UW.STW XG.LC08 1.8005 1.7897 16365498.1929 -123.205 48.0513 -123.671 48.1507 36
UW.STW XG.LC11 1.7629 1.9538 1110182637.49 -123.214 48.054 -123.671 48.1507 35
UW.STW XG.LC12 1.7678 1.8238 12262495.739 -123.207 48.053 -123.671 48.1507 36
UW.STW XG.LC13 1.7845 2.0377 25437155.7729 -123.207 48.058 -123.671 48.1507 35
UW.STW XG.LC51 1.7352 1.8509 1012499116.24 -123.213 48.0513 -123.671 48.1507 35
UW.STW XG.LC52 1.7509 1.8711 3782373991.84 -123.208 48.0511 -123.671 48.1507 36
UW.STW XG.LC53 1.7552 2.3563 136501823.122 -123.207 48.0556 -123.671 48.1507 36
UW.SVOH XG.BH01 2.2616 2.4657 487432.6731 -123.078 48.0088 -122.633 48.2892 45
UW.SVOH XG.BH02 2.2641 2.4784 534175.2536 -123.081 48.0069 -122.633 48.2892 45
UW.SVOH XG.BH03 2.3165 2.8271 265784.6328 -123.087 48.0012 -122.633 48.2892 46
UW.SVOH XG.BH04 2.3161 2.519 58790.9183 -123.091 48.004 -122.633 48.2892 46
UW.SVOH XG.BH05 2.2858 2.0585 263080.2931 -123.089 48.0064 -122.633 48.2892 46
UW.SVOH XG.BH06 2.2648 2.2387 6542469.9514 -123.085 48.0087 -122.633 48.2892 45
UW.SVOH XG.BH07 2.2878 2.2505 265750.9857 -123.081 48.0032 -122.633 48.2892 46
UW.SVOH XG.BH08 2.2671 2.0421 1479896.4561 -123.083 48.0067 -122.633 48.2892 45
UW.SVOH XG.BH09 2.2957 2.4965 216618.3693 -123.087 48.0062 -122.633 48.2892 46
UW.SVOH XG.BH10 2.3035 2.5115 31779360.6456 -123.086 48.0037 -122.633 48.2892 46
UW.SVOH XG.BH51 2.2499 2.0779 8279016311.02 -123.087 48.0074 -122.633 48.2892 46
UW.SVOH XG.BH55 2.2735 2.5705 2336696677.87 -123.087 48.0028 -122.633 48.2892 46
UW.SVOH XG.BH56 2.3027 2.5614 1956431942.43 -123.09 48.0019 -122.633 48.2892 46
UW.SVOH XG.BH57 2.2745 2.5404 1.73224156712e+11 -123.089 48.0042 -122.633 48.2892 46
UW.SVOH XG.BH58 2.2584 2.0807 165366772.215 -123.088 48.0057 -122.633 48.2892 46
UW.SVOH XG.BH59 2.283 2.5589 1238523337.5 -123.085 48.005 -122.633 48.2892 46
UW.SVOH XG.BH60 2.2645 2.5338 26739467.5727 -123.084 48.0074 -122.633 48.2892 45
UW.SVOH XG.CL01 1.7177 1.7009 8047.178 -122.962 48.0661 -122.633 48.2892 34
UW.SVOH XG.CL02 1.7011 1.6865 27978.3144 -122.964 48.0717 -122.633 48.2892 34
UW.SVOH XG.CL06 1.7556 2.4417 8849.637 -122.97 48.0653 -122.633 48.2892 35
UW.SVOH XG.CL09 1.7355 1.9033 15955.3719 -122.974 48.0703 -122.633 48.2892 35
UW.SVOH XG.CL10 1.7505 1.7309 53391.1233 -122.976 48.0679 -122.633 48.2892 35
UW.SVOH XG.CL12 1.741 2.4208 11416.1418 -122.966 48.0666 -122.633 48.2892 34
UW.SVOH XG.CL15 1.7382 2.8155 1307510.8493 -122.973 48.072 -122.633 48.2892 34
UW.SVOH XG.CL16 1.7522 1.7266 9797.7278 -122.977 48.0698 -122.633 48.2892 35
UW.SVOH XG.CL20 1.7021 1.6865 15683.7415 -122.963 48.0709 -122.633 48.2892 34
UW.SVOH XG.CL53 1.7814 2.2617 32667916436.3 -122.974 48.0673 -122.633 48.2892 35
UW.SVOH XG.CL54 1.6884 1.8535 24821787746.3 -122.972 48.0667 -122.633 48.2892 35
UW.SVOH XG.CL57 1.6775 1.86 313010267.151 -122.968 48.0695 -122.633 48.2892 34
UW.SVOH XG.CL60 1.6508 2.2996 4.81038976842e+12 -122.967 48.0652 -122.633 48.2892 35
UW.SVOH XG.DR01 2.9696 2.915 31420805.7732 -123.317 48.0093 -122.633 48.2892 59
UW.SVOH XG.DR02 2.9763 2.9317 13089259.6047 -123.318 48.0033 -122.633 48.2892 59
UW.SVOH XG.DR03 2.9885 3.6463 12898666.9846 -123.314 48.0003 -122.633 48.2892 59
UW.SVOH XG.DR04 2.9635 2.88 30005131590.8 -123.308 48.0098 -122.633 48.2892 58
UW.SVOH XG.DR05 2.9535 2.8969 28216399.6984 -123.309 48.0067 -122.633 48.2892 59
UW.SVOH XG.DR06 2.9668 3.2231 28974619.7026 -123.312 48.006 -122.633 48.2892 59
UW.SVOH XG.DR07 2.9814 3.2469 13540619.6558 -123.318 48.006 -122.633 48.2892 59
UW.SVOH XG.DR08 2.9606 3.6108 32127820.6184 -123.308 48.0033 -122.633 48.2892 59
UW.SVOH XG.DR09 2.9556 3.2155 21280328.1846 -123.313 48.0098 -122.633 48.2892 59
UW.SVOH XG.DR10 2.9607 3.2291 23711358.8425 -123.314 48.0074 -122.633 48.2892 59
UW.SVOH XG.DR51 2.9076 3.1988 523633278.089 -123.313 48.0083 -122.633 48.2892 59
UW.SVOH XG.DR52 2.8672 3.1679 165418844.99 -123.309 48.01 -122.633 48.2892 59
UW.SVOH XG.DR53 2.8773 3.1977 2121646257.08 -123.316 48.0094 -122.633 48.2892 59
UW.SVOH XG.DR54 2.8971 3.1971 8483429002.76 -123.309 48.0063 -122.633 48.2892 59
UW.SVOH XG.DR56 2.8933 3.1677 30443168.8232 -123.317 48.0014 -122.633 48.2892 60
UW.SVOH XG.DR57 2.8965 2.6416 1305393.3797 -123.315 48.0037 -122.633 48.2892 59
UW.SVOH XG.DR58 2.9242 3.2327 18167801141.2 -123.312 48.001 -122.633 48.2892 59
UW.SVOH XG.DR59 2.8662 3.1659 42057442.5787 -123.311 48.0034 -122.633 48.2892 59
UW.SVOH XG.DR60 2.9183 3.2151 722892167.372 -123.315 48.0031 -122.633 48.2892 59
UW.SVOH XG.LC01 2.4434 2.2039 3751069.3541 -123.198 48.0536 -122.633 48.2892 49
UW.SVOH XG.LC02 2.4681 2.4357 33536.0146 -123.205 48.0558 -122.633 48.2892 49
UW.SVOH XG.LC03 2.4956 2.7195 5462403.7993 -123.211 48.0551 -122.633 48.2892 50
UW.SVOH XG.LC04 2.5029 2.736 16053454.4858 -123.216 48.0561 -122.633 48.2892 50
UW.SVOH XG.LC05 2.5071 2.7415 1988942.7872 -123.22 48.0583 -122.633 48.2892 50
UW.SVOH XG.LC06 2.4691 2.7192 7104507.5642 -123.212 48.0601 -122.633 48.2892 49
UW.SVOH XG.LC07 2.4444 2.4189 3285715.8098 -123.204 48.06 -122.633 48.2892 49
UW.SVOH XG.LC08 2.4761 2.4773 8366.9674 -123.205 48.0513 -122.633 48.2892 50
UW.SVOH XG.LC09 2.4835 2.4674 567013.7577 -123.211 48.0513 -122.633 48.2892 50
UW.SVOH XG.LC10 2.5201 2.7541 4344858.4119 -123.217 48.0509 -122.633 48.2892 50
UW.SVOH XG.LC11 2.4964 2.4659 1811227.7852 -123.214 48.054 -122.633 48.2892 50
UW.SVOH XG.LC12 2.4856 2.7137 1541410.3113 -123.207 48.053 -122.633 48.2892 50
UW.SVOH XG.LC13 2.4599 2.4382 4063776.4372 -123.207 48.058 -122.633 48.2892 49
UW.SVOH XG.LC14 2.4991 3.0524 1050841.0767 -123.213 48.0582 -122.633 48.2892 50
UW.SVOH XG.LC51 2.4998 3.1984 543138286.875 -123.213 48.0513 -122.633 48.2892 50
UW.SVOH XG.LC52 2.4738 2.5373 1115803961.56 -123.208 48.0511 -122.633 48.2892 50
UW.SVOH XG.LC53 2.4705 3.1564 300605078.604 -123.207 48.0556 -122.633 48.2892 49
UW.SVOH XG.LC54 2.4754 2.5396 682992761.084 -123.21 48.053 -122.633 48.2892 50
UW.SVOH XG.LC55 2.485 3.2024 3219035447.83 -123.216 48.0546 -122.633 48.2892 50
UW.SVOH XG.LC56 2.4879 2.5613 1266913194.26 -123.22 48.0562 -122.633 48.2892 50
UW.SVOH XG.LC57 2.4539 2.1073 5147285756.26 -123.216 48.059 -122.633 48.2892 50
UW.SVOH XG.LC58 2.4486 2.5125 687157271.591 -123.208 48.0599 -122.633 48.2892 49
UW.SVOH XG.LC59 2.481 3.1845 535379542.698 -123.213 48.0563 -122.633 48.2892 50
UW.SVOH XG.LC60 2.4639 2.5269 484099570.839 -123.21 48.0569 -122.633 48.2892 49
UW.SVOH XG.PA03 3.3623 3.6646 103631260.415 -123.472 48.0533 -122.633 48.2892 67
UW.SVOH XG.PA04 3.3473 3.2853 91296207.3562 -123.466 48.0537 -122.633 48.2892 67
UW.SVOH XG.PA05 3.3474 3.305 1022322835.03 -123.472 48.0584 -122.633 48.2892 67
UW.SVOH XG.PA06 3.3498 3.6504 56340692.751 -123.469 48.0557 -122.633 48.2892 67
UW.SVOH XG.PA07 3.3168 3.6137 6325510.4531 -123.46 48.0578 -122.633 48.2892 66
UW.SVOH XG.PA09 3.3683 3.6658 69860975.7615 -123.474 48.0566 -122.633 48.2892 67
UW.SVOH XG.PA10 3.3151 3.2662 72006423.9323 -123.461 48.0542 -122.633 48.2892 66
UW.SVOH XG.PA12 3.3067 3.2653 64698516.1381 -123.458 48.0521 -122.633 48.2892 66
UW.SVOH XG.PA13 3.3284 3.2651 145584280.387 -123.46 48.0539 -122.633 48.2892 66
UW.SVOH XG.PA55 3.3287 3.41 69108140554.8 -123.462 48.0534 -122.633 48.2892 66
UW.SVOH XG.PA59 3.4303 3.4316 18546458513.3 -123.459 48.0517 -122.633 48.2892 66
UW.SVOH XH.SOOK5 4.7582 4.5066 557007.1207 -123.805 48.3822 -122.633 48.2892 87
UW.SVOH YW.PA01 3.1939 3.8853 9340678060.87 -123.471 48.0531 -122.633 48.2892 67
UW.SVOH YW.PA11 3.005 2.2883 1.79198859745e+13 -123.472 48.0563 -122.633 48.2892 67
UW.SVOH YW.PA15 3.025 2.3456 7.18737302052e+12 -123.505 48.0574 -122.633 48.2892 69
UW.UWFH XG.BH07 3.0427 3.2647 3.05965291927e+12 -123.081 48.0032 -123.014 48.5455 60
UW.UWFH XG.BH08 2.9518 3.274 15357794968.8 -123.083 48.0067 -123.014 48.5455 60
UW.UWFH XG.BH09 3.425 3.1458 26759508.7841 -123.087 48.0062 -123.014 48.5455 60
UW.UWFH XG.BH11 2.9801 2.6733 72167.7686 -123.08 48.0067 -123.014 48.5455 60
UW.UWFH XG.BH51 2.9632 2.9378 6.64818535198e+11 -123.087 48.0074 -123.014 48.5455 60
UW.UWFH XG.BH52 2.9994 3.096 1.27290326861e+11 -123.081 48.0089 -123.014 48.5455 59
UW.UWFH XG.BH53 3.0427 3.7143 1.11078207852e+11 -123.084 48.0059 -123.014 48.5455 60
UW.UWFH XG.BH55 2.954 2.5727 1.77438904308e+11 -123.087 48.0028 -123.014 48.5455 60
UW.UWFH XG.BH57 2.986 2.9563 8.1957966374e+12 -123.089 48.0042 -123.014 48.5455 60
UW.UWFH XG.BH58 2.9874 2.9431 1.67092552035e+12 -123.088 48.0057 -123.014 48.5455 60
UW.UWFH XG.BH60 2.9404 2.9303 21561108303.8 -123.084 48.0074 -123.014 48.5455 60
UW.UWFH XG.CL04 3.0018 3.5163 2.76457055288e+11 -122.978 48.0716 -123.014 48.5455 52
UW.UWFH XG.CL05 2.6712 2.9338 77199.1899 -122.977 48.0652 -123.014 48.5455 53
UW.UWFH XG.CL06 2.6671 3.244 310596.7125 -122.97 48.0653 -123.014 48.5455 53
UW.UWFH XG.CL09 2.6303 3.2128 1434.3626 -122.974 48.0703 -123.014 48.5455 52
UW.UWFH XG.CL11 2.6632 2.8987 508791.1372 -122.974 48.065 -123.014 48.5455 53
UW.UWFH XG.CL13 2.6324 2.8783 360852.8611 -122.963 48.0686 -123.014 48.5455 53
UW.UWFH XG.CL15 2.6135 2.8459 39956.7925 -122.973 48.072 -123.014 48.5455 52
UW.UWFH XG.CL16 2.6347 2.8618 643209.1701 -122.977 48.0698 -123.014 48.5455 52
UW.UWFH XG.CL19 2.6241 2.8609 53390471.4336 -122.97 48.0705 -123.014 48.5455 52
UW.UWFH XG.CL51 2.518 3.0807 424223647.43 -122.975 48.0715 -123.014 48.5455 52
UW.UWFH XG.CL52 2.583 3.1323 30108515813.0 -122.975 48.0692 -123.014 48.5455 53
UW.UWFH XG.CL54 2.5288 2.5343 131779872.376 -122.972 48.0667 -123.014 48.5455 53
UW.UWFH XG.CL57 2.4994 2.5117 58469571086.4 -122.968 48.0695 -123.014 48.5455 53
UW.UWFH XG.CL59 2.4641 2.5115 38872273.179 -122.971 48.0712 -123.014 48.5455 52
UW.UWFH XG.DR07 3.1165 3.1671 1109972933.41 -123.318 48.006 -123.014 48.5455 64
UW.UWFH XG.DR52 3.077 3.8137 6559871984.03 -123.309 48.01 -123.014 48.5455 63
UW.UWFH XG.LC03 2.8245 3.4129 5899165.0513 -123.211 48.0551 -123.014 48.5455 56
UW.UWFH XG.LC04 2.815 3.421 1799705000.58 -123.216 48.0561 -123.014 48.5455 56
UW.UWFH XG.LC09 2.8087 3.0607 17790590200.3 -123.211 48.0513 -123.014 48.5455 56
UW.UWFH XG.LC10 2.8416 2.7875 1030199.2141 -123.217 48.0509 -123.014 48.5455 57
UW.UWFH XG.LC11 2.8289 3.4364 2444562.1181 -123.214 48.054 -123.014 48.5455 56
UW.UWFH XG.LC12 2.7914 2.3147 1.50499236163e+11 -123.207 48.053 -123.014 48.5455 56
UW.UWFH XG.LC51 2.779 3.0753 225979.6999 -123.213 48.0513 -123.014 48.5455 56
UW.UWFH XG.LC52 2.7918 3.1133 4453872.0272 -123.208 48.0511 -123.014 48.5455 56
UW.UWFH XG.LC53 2.7827 3.1536 254226045.404 -123.207 48.0556 -123.014 48.5455 56
UW.UWFH XG.LC54 2.7973 3.1742 25985321.4959 -123.21 48.053 -123.014 48.5455 56
UW.UWFH XG.LC55 2.6905 3.0361 644488.101 -123.216 48.0546 -123.014 48.5455 56
UW.UWFH XG.LC58 2.7676 3.0673 2305050.5534 -123.208 48.0599 -123.014 48.5455 55
UW.UWFH XG.LC59 2.8178 2.5539 24109821.5694 -123.213 48.0563 -123.014 48.5455 56
UW.UWFH XG.LC60 2.7803 2.5318 25834300.6622 -123.21 48.0569 -123.014 48.5455 56
UW.UWFH XG.PA08 3.1821 3.8936 68460154767.6 -123.457 48.0517 -123.014 48.5455 63
UW.UWFH XG.PA12 3.1552 3.8721 2.99280118101e+12 -123.458 48.0521 -123.014 48.5455 63
UW.UWFH XG.PA13 1.5938 1.6564 733054057.028 -123.46 48.0539 -123.014 48.5455 63
UW.UWFH XG.PA52 3.0501 3.5068 1.0579756287e+12 -123.471 48.0577 -123.014 48.5455 63
UW.UWFH XG.PA54 3.1496 3.1015 91925807002.8 -123.471 48.0554 -123.014 48.5455 64
UW.UWFH XG.PA56 3.1343 3.4723 1.79557514503e+12 -123.457 48.054 -123.014 48.5455 63
UW.UWFH XG.PA59 2.8992 2.6797 9.38790200017e+12 -123.459 48.0517 -123.014 48.5455 64
UW.UWFH XG.PA60 2.9783 3.7701 21797502253.0 -123.471 48.0542 -123.014 48.5455 64
UW.UWFH YW.PA01 3.1583 3.2667 494878754.982 -123.471 48.0531 -123.014 48.5455 64
UW.UWFH YW.PA02 3.142 3.262 611895399.404 -123.465 48.0538 -123.014 48.5455 64
UW.UWFH YW.PA03 3.1316 3.2549 94554618.1397 -123.457 48.0525 -123.014 48.5455 63
UW.UWFH YW.PA04 3.104 3.2322 4694259.667 -123.455 48.057 -123.014 48.5455 63
UW.UWFH YW.PA05 3.0905 2.7024 2.59163221444e+11 -123.46 48.0576 -123.014 48.5455 63
UW.UWFH YW.PA06 3.1261 3.2242 314604120.586 -123.467 48.0651 -123.014 48.5455 63
UW.UWFH YW.PA11 3.1663 3.2831 4.79884615074e+11 -123.472 48.0563 -123.014 48.5455 64
UW.UWFH YW.PA12 3.1901 3.3111 1.32690567644e+11 -123.453 48.0468 -123.014 48.5455 64
UW.UWFH YW.PA13 3.1135 3.204 1.53661593527e+11 -123.41 48.0501 -123.014 48.5455 62
UW.UWFH YW.PA14 3.0375 3.1859 3.74661528878e+12 -123.457 48.0715 -123.014 48.5455 62
UW.UWFH YW.PA15 1.7291 1.8201 1.91622736427e+13 -123.505 48.0574 -123.014 48.5455 65
XG.BH07 XG.CL59 2.5353 2.6726 26028783.6701 -122.971 48.0712 -123.081 48.0032 11
XG.BH10 XG.CL02 1.8322 1.9459 551.5831 -122.964 48.0717 -123.086 48.0037 11
XG.BH11 XG.CL19 2.5649 3.4189 16966752406.3 -122.97 48.0705 -123.08 48.0067 10
XG.BH56 XG.LC06 2.2434 1.6373 444.2573 -123.212 48.0601 -123.09 48.0019 11
XG.BH60 XG.CL01 2.5605 3.6991 74156.6875 -122.962 48.0661 -123.084 48.0074 11
XG.BH60 XG.LC54 2.1274 2.2848 297768.8566 -123.21 48.053 -123.084 48.0074 10
XG.BH60 XG.LC56 1.761 1.8596 50586.8846 -123.22 48.0562 -123.084 48.0074 11
XG.CL01 XG.PA05 1.8922 2.3128 76225.8266 -123.472 48.0584 -122.962 48.0661 37
XG.CL01 XG.PA51 1.771 1.6026 1722936269.86 -123.469 48.0542 -122.962 48.0661 37
XG.CL01 XG.PA53 1.876 2.451 152670709.676 -123.473 48.0554 -122.962 48.0661 38
XG.CL01 XG.PA54 1.8602 1.9369 15702738.0061 -123.471 48.0554 -122.962 48.0661 37
XG.CL01 XG.PA55 1.8293 2.3758 19527544.3607 -123.462 48.0534 -122.962 48.0661 37
XG.CL01 XG.PA56 1.7988 1.8727 24743494.3017 -123.457 48.054 -122.962 48.0661 36
XG.CL01 XG.PA58 1.8249 2.3564 2768825.0165 -123.458 48.057 -122.962 48.0661 36
XG.CL01 XG.PA59 1.8227 1.8972 53840843.996 -123.459 48.0517 -122.962 48.0661 36
XG.CL01 XG.PA60 1.8491 1.9245 223257909.231 -123.471 48.0542 -122.962 48.0661 37
XG.CL02 XG.PA02 1.7199 2.1331 2077671.2209 -123.461 48.0517 -122.964 48.0717 37
XG.CL02 XG.PA04 1.8549 2.2767 5466.5813 -123.466 48.0537 -122.964 48.0717 37
XG.CL02 XG.PA05 1.8711 2.3094 286904.4809 -123.472 48.0584 -122.964 48.0717 37
XG.CL02 XG.PA06 1.8752 2.6052 2284.6767 -123.469 48.0557 -122.964 48.0717 37
XG.CL02 XG.PA07 1.8433 2.5593 2327.4136 -123.46 48.0578 -122.964 48.0717 36
XG.CL02 XG.PA08 1.7772 2.2652 1172036.9586 -123.457 48.0517 -122.964 48.0717 36
XG.CL02 XG.PA10 1.8359 2.2556 7258.486 -123.461 48.0542 -122.964 48.0717 36
XG.CL02 XG.PA11 1.8904 2.6198 6378.9507 -123.473 48.0583 -122.964 48.0717 37
XG.CL02 XG.PA12 1.8317 2.2398 14196.2383 -123.458 48.0521 -122.964 48.0717 36
XG.CL02 XG.PA51 1.8354 1.5975 161717805.436 -123.469 48.0542 -122.964 48.0717 37
XG.CL02 XG.PA52 1.8581 2.4088 34724567.8683 -123.471 48.0577 -122.964 48.0717 37
XG.CL02 XG.PA56 1.7894 1.8582 293615194.54 -123.457 48.054 -122.964 48.0717 36
XG.CL02 XG.PA57 1.7958 1.8704 121785126.077 -123.458 48.055 -122.964 48.0717 36
XG.CL02 XG.PA58 1.8011 1.865 117328627.671 -123.458 48.057 -122.964 48.0717 36
XG.CL02 XG.PA60 1.8499 1.9187 347193020.794 -123.471 48.0542 -122.964 48.0717 37
XG.CL03 XG.PA02 1.7557 1.8429 7.46607170497e+11 -123.461 48.0517 -122.97 48.0719 36
XG.CL03 XG.PA05 1.8674 2.5898 16351.6823 -123.472 48.0584 -122.97 48.0719 37
XG.CL03 XG.PA08 1.8031 1.9668 4898.9708 -123.457 48.0517 -122.97 48.0719 36
XG.CL03 XG.PA51 1.8172 1.7214 15226592.6543 -123.469 48.0542 -122.97 48.0719 37
XG.CL03 XG.PA52 1.8308 2.7193 18783690.431 -123.471 48.0577 -122.97 48.0719 37
XG.CL03 XG.PA53 1.8366 2.1156 25459817.8994 -123.473 48.0554 -122.97 48.0719 37
XG.CL03 XG.PA54 1.8327 2.7269 34774213.3891 -123.471 48.0554 -122.97 48.0719 37
XG.CL03 XG.PA55 1.7968 2.0721 24642776.9163 -123.462 48.0534 -122.97 48.0719 36
XG.CL03 XG.PA56 1.7697 2.0447 38630968.4431 -123.457 48.054 -122.97 48.0719 36
XG.CL03 XG.PA57 1.7827 2.0521 23380600.5418 -123.458 48.055 -122.97 48.0719 36
XG.CL03 XG.PA58 1.7878 2.0502 16998987.939 -123.458 48.057 -122.97 48.0719 36
XG.CL03 XG.PA59 1.7971 2.0639 28760246.3407 -123.459 48.0517 -122.97 48.0719 36
XG.CL03 XG.PA60 1.8225 1.7189 75984336.6348 -123.471 48.0542 -122.97 48.0719 37
XG.CL04 XG.PA02 1.7321 1.8181 7.12958805105e+11 -123.461 48.0517 -122.978 48.0716 35
XG.CL04 XG.PA05 1.8376 2.5498 9302.9753 -123.472 48.0584 -122.978 48.0716 36
XG.CL04 XG.PA08 1.7816 2.4737 1907.6347 -123.457 48.0517 -122.978 48.0716 35
XG.CL04 XG.PA51 1.7819 1.6946 39691718.1027 -123.469 48.0542 -122.978 48.0716 36
XG.CL04 XG.PA52 1.8042 2.0762 31880701.2912 -123.471 48.0577 -122.978 48.0716 36
XG.CL04 XG.PA54 1.7999 2.0798 61411043.6963 -123.471 48.0554 -122.978 48.0716 36
XG.CL04 XG.PA55 1.7705 2.0425 27995678.2742 -123.462 48.0534 -122.978 48.0716 36
XG.CL04 XG.PA56 1.7432 1.6436 75544764.5287 -123.457 48.054 -122.978 48.0716 35
XG.CL04 XG.PA57 1.7453 2.0236 44849275.63 -123.458 48.055 -122.978 48.0716 35
XG.CL04 XG.PA58 1.75 1.6487 23503861.6686 -123.458 48.057 -122.978 48.0716 35
XG.CL04 XG.PA59 1.7701 2.0337 29349149.4105 -123.459 48.0517 -122.978 48.0716 35
XG.CL04 XG.PA60 1.7957 2.075 370571841.503 -123.471 48.0542 -122.978 48.0716 36
XG.CL05 XG.PA01 1.7898 2.4672 11866.5181 -123.455 48.0568 -122.977 48.0652 35
XG.CL05 XG.PA02 1.767 1.6555 940822924.36 -123.461 48.0517 -122.977 48.0652 36
XG.CL05 XG.PA05 1.8284 2.2483 22009.5605 -123.472 48.0584 -122.977 48.0652 36
XG.CL05 XG.PA08 1.746 1.7565 9801831.8069 -123.457 48.0517 -122.977 48.0652 35
XG.CL05 XG.PA51 1.8001 2.343 14098299.8318 -123.469 48.0542 -122.977 48.0652 36
XG.CL05 XG.PA52 1.7966 1.8638 27834154.907 -123.471 48.0577 -122.977 48.0652 36
XG.CL05 XG.PA53 1.7954 1.8749 48687787.3762 -123.473 48.0554 -122.977 48.0652 36
XG.CL05 XG.PA54 1.8047 2.3445 49475620.4518 -123.471 48.0554 -122.977 48.0652 36
XG.CL05 XG.PA55 1.7663 2.2997 25340104.036 -123.462 48.0534 -122.977 48.0652 36
XG.CL05 XG.PA56 1.7395 1.8076 36698345.1881 -123.457 48.054 -122.977 48.0652 35
XG.CL05 XG.PA57 1.7383 1.8174 47728119.4943 -123.458 48.055 -122.977 48.0652 35
XG.CL05 XG.PA58 1.7514 1.8141 54718911.7532 -123.458 48.057 -122.977 48.0652 35
XG.CL05 XG.PA60 1.8083 2.3329 45095798.4316 -123.471 48.0542 -122.977 48.0652 36
XG.CL06 XG.PA01 1.749 2.9281 2.74059369312e+12 -123.455 48.0568 -122.97 48.0653 36
XG.CL06 XG.PA02 1.7267 1.8531 2.08635706901e+12 -123.461 48.0517 -122.97 48.0653 36
XG.CL06 XG.PA05 1.87 2.59 23958.697 -123.472 48.0584 -122.97 48.0653 37
XG.CL06 XG.PA08 1.8125 2.5157 238124.1731 -123.457 48.0517 -122.97 48.0653 36
XG.CL06 XG.PA51 1.8086 1.7188 56480064.1635 -123.469 48.0542 -122.97 48.0653 37
XG.CL06 XG.PA52 1.8132 2.1044 132108639.048 -123.471 48.0577 -122.97 48.0653 37
XG.CL06 XG.PA53 1.7426 1.7205 16118006009.0 -123.473 48.0554 -122.97 48.0653 37
XG.CL06 XG.PA54 1.8241 2.1097 111631232.567 -123.471 48.0554 -122.97 48.0653 37
XG.CL06 XG.PA55 1.7962 2.0708 60814880.4957 -123.462 48.0534 -122.97 48.0653 36
XG.CL06 XG.PA56 1.7695 2.0429 171789953.017 -123.457 48.054 -122.97 48.0653 36
XG.CL06 XG.PA57 1.7813 2.0487 71719036.339 -123.458 48.055 -122.97 48.0653 36
XG.CL06 XG.PA60 1.8236 2.1034 937935760.962 -123.471 48.0542 -122.97 48.0653 37
XG.CL07 XG.PA02 1.7614 2.06 3.20824012719e+12 -123.461 48.0517 -122.967 48.07 36
XG.CL07 XG.PA05 1.8695 2.2949 3678.9472 -123.472 48.0584 -122.967 48.07 37
XG.CL07 XG.PA08 1.79 1.7925 1484441.4067 -123.457 48.0517 -122.967 48.07 36
XG.CL07 XG.PA51 1.8212 1.9072 22625293.8637 -123.469 48.0542 -122.967 48.07 37
XG.CL07 XG.PA52 1.8343 1.9065 34524540.836 -123.471 48.0577 -122.967 48.07 37
XG.CL07 XG.PA53 1.8356 1.9171 93668085.4812 -123.473 48.0554 -122.967 48.07 37
XG.CL07 XG.PA54 1.8302 1.914 47791014.9805 -123.471 48.0554 -122.967 48.07 37
XG.CL07 XG.PA56 1.7757 1.8476 71970005.5702 -123.457 48.054 -122.967 48.07 36
XG.CL07 XG.PA58 1.797 2.3233 16957130.7795 -123.458 48.057 -122.967 48.07 36
XG.CL07 XG.PA60 1.8339 1.9053 147169133.38 -123.471 48.0542 -122.967 48.07 37
XG.CL08 XG.PA02 1.7237 1.8573 1224481202.16 -123.461 48.0517 -122.967 48.0683 36
XG.CL08 XG.PA05 1.8781 2.6033 41027.2118 -123.472 48.0584 -122.967 48.0683 37
XG.CL08 XG.PA08 1.8252 2.5265 101158.4924 -123.457 48.0517 -122.967 48.0683 36
XG.CL08 XG.PA51 1.8203 1.7293 42245547.2274 -123.469 48.0542 -122.967 48.0683 37
XG.CL08 XG.PA52 1.8255 1.7296 64262664.7768 -123.471 48.0577 -122.967 48.0683 37
XG.CL08 XG.PA54 1.8293 1.7342 195223186.462 -123.471 48.0554 -122.967 48.0683 37
XG.CL08 XG.PA55 1.8099 2.0871 73737656.0753 -123.462 48.0534 -122.967 48.0683 36
XG.CL08 XG.PA56 1.7776 1.6774 71997949.0008 -123.457 48.054 -122.967 48.0683 36
XG.CL08 XG.PA57 1.7876 2.0657 79666790.2717 -123.458 48.055 -122.967 48.0683 36
XG.CL08 XG.PA58 1.7851 2.0632 105207567.238 -123.458 48.057 -122.967 48.0683 36
XG.CL08 XG.PA59 1.8092 2.6866 68144190.7831 -123.459 48.0517 -122.967 48.0683 36
XG.CL08 XG.PA60 1.833 2.1187 465064619.933 -123.471 48.0542 -122.967 48.0683 37
XG.CL09 XG.PA01 1.7132 2.2042 9.5549211675e+12 -123.455 48.0568 -122.974 48.0703 35
XG.CL09 XG.PA02 1.6885 1.8616 17555.7045 -123.461 48.0517 -122.974 48.0703 36
XG.CL09 XG.PA05 1.8526 2.0104 2298689.2077 -123.472 48.0584 -122.974 48.0703 37
XG.CL09 XG.PA08 1.799 2.4935 79582.1726 -123.457 48.0517 -122.974 48.0703 35
XG.CL09 XG.PA11 1.8451 2.2568 6758.3079 -123.473 48.0583 -122.974 48.0703 37
XG.CL09 XG.PA52 1.8012 1.7039 394140130.589 -123.471 48.0577 -122.974 48.0703 36
XG.CL09 XG.PA53 1.8095 1.7152 1126121324.55 -123.473 48.0554 -122.974 48.0703 37
XG.CL09 XG.PA54 1.8104 1.7072 368722522.321 -123.471 48.0554 -122.974 48.0703 36
XG.CL09 XG.PA55 1.7766 2.054 120592160.227 -123.462 48.0534 -122.974 48.0703 36
XG.CL09 XG.PA56 1.7533 2.0237 269985651.109 -123.457 48.054 -122.974 48.0703 35
XG.CL09 XG.PA57 1.7698 2.0306 198800867.083 -123.458 48.055 -122.974 48.0703 36
XG.CL09 XG.PA58 1.7633 2.0277 265752689.502 -123.458 48.057 -122.974 48.0703 36
XG.CL09 XG.PA60 1.8206 2.6891 441397965.075 -123.471 48.0542 -122.974 48.0703 36
XG.CL10 XG.PA02 1.6936 1.6593 1.24723151201e+12 -123.461 48.0517 -122.976 48.0679 36
XG.CL10 XG.PA05 1.8339 2.2516 108082.4455 -123.472 48.0584 -122.976 48.0679 36
XG.CL10 XG.PA08 1.7545 1.7594 15453869.6088 -123.457 48.0517 -122.976 48.0679 35
XG.CL10 XG.PA52 1.8009 1.8701 67285444.9137 -123.471 48.0577 -122.976 48.0679 36
XG.CL10 XG.PA53 1.812 1.8778 120959580.927 -123.473 48.0554 -122.976 48.0679 36
XG.CL10 XG.PA54 1.7956 1.8733 77116266.2383 -123.471 48.0554 -122.976 48.0679 36
XG.CL10 XG.PA55 1.7713 2.3054 62551403.5316 -123.462 48.0534 -122.976 48.0679 36
XG.CL10 XG.PA56 1.7496 1.8146 144879536.725 -123.457 48.054 -122.976 48.0679 35
XG.CL10 XG.PA57 1.7573 2.2833 84419181.2129 -123.458 48.055 -122.976 48.0679 35
XG.CL10 XG.PA58 1.7524 1.8209 74503445.6888 -123.458 48.057 -122.976 48.0679 35
XG.CL10 XG.PA60 1.7994 1.8688 355900433.661 -123.471 48.0542 -122.976 48.0679 36
XG.CL11 XG.PA05 1.8492 2.2596 3117.2071 -123.472 48.0584 -122.974 48.065 37
XG.CL11 XG.PA12 1.7944 2.1959 17059.8775 -123.458 48.0521 -122.974 48.065 36
XG.CL11 XG.PA51 1.7958 1.5635 33001968.6757 -123.469 48.0542 -122.974 48.065 36
XG.CL11 XG.PA52 1.8014 1.8811 54188917.927 -123.471 48.0577 -122.974 48.065 36
XG.CL11 XG.PA53 1.81 1.8919 101284608.499 -123.473 48.0554 -122.974 48.065 37
XG.CL11 XG.PA54 1.8184 2.364 48286682.3218 -123.471 48.0554 -122.974 48.065 36
XG.CL11 XG.PA56 1.7525 1.8228 65224005.2119 -123.457 48.054 -122.974 48.065 35
XG.CL11 XG.PA57 1.7599 1.8308 34880275.9178 -123.458 48.055 -122.974 48.065 35
XG.CL11 XG.PA58 1.7689 2.2932 20156306.0237 -123.458 48.057 -122.974 48.065 35
XG.CL11 XG.PA60 1.8067 1.8794 118707177.813 -123.471 48.0542 -122.974 48.065 36
XG.CL12 XG.PA05 1.8829 2.6112 9026.0976 -123.472 48.0584 -122.966 48.0666 37
XG.CL12 XG.PA12 1.8322 2.5382 751517.3015 -123.458 48.0521 -122.966 48.0666 36
XG.CL12 XG.PA52 1.8282 1.7323 134941698.898 -123.471 48.0577 -122.966 48.0666 37
XG.CL12 XG.PA53 1.8382 1.741 174988072.498 -123.473 48.0554 -122.966 48.0666 37
XG.CL12 XG.PA54 1.8393 2.1287 154661481.279 -123.471 48.0554 -122.966 48.0666 37
XG.CL12 XG.PA55 1.791 1.7049 71350685.027 -123.462 48.0534 -122.966 48.0666 36
XG.CL12 XG.PA56 1.7925 2.0588 73191951.1375 -123.457 48.054 -122.966 48.0666 36
XG.CL12 XG.PA57 1.7935 2.0676 62951154.3512 -123.458 48.055 -122.966 48.0666 36
XG.CL12 XG.PA58 1.7889 1.6869 51466931.7772 -123.458 48.057 -122.966 48.0666 36
XG.CL13 XG.PA01 1.8545 2.5283 32750.7707 -123.455 48.0568 -122.963 48.0686 36
XG.CL13 XG.PA05 1.8851 2.3099 8709.2249 -123.472 48.0584 -122.963 48.0686 37
XG.CL13 XG.PA08 1.8117 2.2457 5416196.7427 -123.457 48.0517 -122.963 48.0686 36
XG.CL13 XG.PA51 1.8354 1.5969 23119217.5078 -123.469 48.0542 -122.963 48.0686 37
XG.CL13 XG.PA52 1.8467 1.9205 22170886.6351 -123.471 48.0577 -122.963 48.0686 37
XG.CL13 XG.PA54 1.8511 1.9253 25106041.5808 -123.471 48.0554 -122.963 48.0686 37
XG.CL13 XG.PA56 1.7918 1.8627 34998615.413 -123.457 48.054 -122.963 48.0686 36
XG.CL13 XG.PA57 1.796 1.8714 22317916.4383 -123.458 48.055 -122.963 48.0686 36
XG.CL13 XG.PA58 1.8119 2.3416 11207139.0385 -123.458 48.057 -122.963 48.0686 36
XG.CL13 XG.PA60 1.8504 1.9201 62752121.9953 -123.471 48.0542 -122.963 48.0686 37
XG.CL14 XG.PA03 1.8786 2.5999 631743.1723 -123.472 48.0533 -122.968 48.0714 37
XG.CL14 XG.PA04 1.8464 2.2561 3670.9229 -123.466 48.0537 -122.968 48.0714 37
XG.CL14 XG.PA06 1.8632 2.5842 1784.7077 -123.469 48.0557 -122.968 48.0714 37
XG.CL14 XG.PA07 1.8317 1.9883 1021023.8582 -123.46 48.0578 -122.968 48.0714 36
XG.CL14 XG.PA09 1.8732 2.043 2706907.6481 -123.474 48.0566 -122.968 48.0714 37
XG.CL14 XG.PA51 1.7849 1.8384 17734535391.9 -123.469 48.0542 -122.968 48.0714 37
XG.CL14 XG.PA55 1.846 2.6225 71193.6648 -123.462 48.0534 -122.968 48.0714 36
XG.CL14 XG.PA56 1.75 2.05 77778957.42 -123.457 48.054 -122.968 48.0714 36
XG.CL14 XG.PA57 1.7775 2.0589 14227674891.0 -123.458 48.055 -122.968 48.0714 36
XG.CL14 XG.PA59 1.8625 2.1303 789138.2209 -123.459 48.0517 -122.968 48.0714 36
XG.CL14 XG.PA60 1.8112 2.103 22381.0342 -123.471 48.0542 -122.968 48.0714 37
XG.CL15 XG.PA01 1.7148 2.2027 7.17595217624e+12 -123.455 48.0568 -122.973 48.072 35
XG.CL15 XG.PA04 1.8227 2.2374 1480.729 -123.466 48.0537 -122.973 48.072 36
XG.CL15 XG.PA08 1.7934 1.9553 18840.3161 -123.457 48.0517 -122.973 48.072 36
XG.CL15 XG.PA56 1.7475 2.2772 106073571.641 -123.457 48.054 -122.973 48.072 36
XG.CL15 XG.PA58 1.7878 2.3281 12914871.6137 -123.458 48.057 -122.973 48.072 36
XG.CL15 XG.PA59 1.834 2.3824 4.54498344785e+11 -123.459 48.0517 -122.973 48.072 36
XG.CL15 XG.PA60 1.8056 2.3493 6232240382.81 -123.471 48.0542 -122.973 48.072 37
XG.CL16 XG.PA05 1.8354 2.243 147690.1339 -123.472 48.0584 -122.977 48.0698 36
XG.CL16 XG.PA12 1.784 2.1796 165185.5028 -123.458 48.0521 -122.977 48.0698 35
XG.CL16 XG.PA51 1.8003 2.3439 12195348.4286 -123.469 48.0542 -122.977 48.0698 36
XG.CL16 XG.PA52 1.8026 2.3414 18457451.9559 -123.471 48.0577 -122.977 48.0698 36
XG.CL16 XG.PA56 1.7549 2.2665 22226682.859 -123.457 48.054 -122.977 48.0698 35
XG.CL16 XG.PA57 1.7578 2.279 15251757.0608 -123.458 48.055 -122.977 48.0698 35
XG.CL16 XG.PA58 1.7651 2.2768 6586555.6371 -123.458 48.057 -122.977 48.0698 35
XG.CL16 XG.PA60 1.8062 2.3357 43350602.5952 -123.471 48.0542 -122.977 48.0698 36
XG.CL17 XG.PA04 1.7951 1.7884 65991.6879 -123.466 48.0537 -122.975 48.0667 36
XG.CL17 XG.PA06 1.8127 1.6406 311448332.003 -123.469 48.0557 -122.975 48.0667 36
XG.CL17 XG.PA07 1.7818 1.9583 411909.8166 -123.46 48.0578 -122.975 48.0667 36
XG.CL17 XG.PA08 1.7907 1.9427 19792.3415 -123.457 48.0517 -122.975 48.0667 35
XG.CL17 XG.PA09 1.8355 2.0091 252484.1902 -123.474 48.0566 -122.975 48.0667 37
XG.CL17 XG.PA10 1.7952 2.2011 21707.9043 -123.461 48.0542 -122.975 48.0667 36
XG.CL17 XG.PA52 1.7398 1.8382 2.114470475e+13 -123.471 48.0577 -122.975 48.0667 36
XG.CL17 XG.PA54 1.7698 1.9498 40341828.9406 -123.471 48.0554 -122.975 48.0667 36
XG.CL17 XG.PA55 1.8367 2.7538 5.64565643457e+12 -123.462 48.0534 -122.975 48.0667 36
XG.CL18 XG.PA05 1.8804 2.2999 29983.4843 -123.472 48.0584 -122.965 48.0649 37
XG.CL18 XG.PA12 1.8298 2.9546 6200.7241 -123.458 48.0521 -122.965 48.0649 36
XG.CL18 XG.PA52 1.8333 1.9164 71638956.3116 -123.471 48.0577 -122.965 48.0649 37
XG.CL18 XG.PA53 1.8597 2.4158 54775682.6346 -123.473 48.0554 -122.965 48.0649 37
XG.CL18 XG.PA54 1.8529 2.4054 25685547.049 -123.471 48.0554 -122.965 48.0649 37
XG.CL18 XG.PA55 1.8144 2.3629 40417647.0334 -123.462 48.0534 -122.965 48.0649 36
XG.CL18 XG.PA57 1.8031 2.3418 29574267.9915 -123.458 48.055 -122.965 48.0649 36
XG.CL18 XG.PA58 1.7931 1.8624 25714730.1283 -123.458 48.057 -122.965 48.0649 36
XG.CL19 XG.PA01 1.7773 2.1972 21708043692.1 -123.455 48.0568 -122.97 48.0705 36
XG.CL19 XG.PA03 1.865 2.5908 16136.4903 -123.472 48.0533 -122.97 48.0705 37
XG.CL19 XG.PA04 1.8351 2.2472 45663.774 -123.466 48.0537 -122.97 48.0705 36
XG.CL19 XG.PA05 1.8537 2.2794 692155.3413 -123.472 48.0584 -122.97 48.0705 37
XG.CL19 XG.PA06 1.8515 2.5742 9256.8625 -123.469 48.0557 -122.97 48.0705 37
XG.CL19 XG.PA09 1.8716 2.5998 1732.893 -123.474 48.0566 -122.97 48.0705 37
XG.CL19 XG.PA11 1.8633 2.5906 77987.4864 -123.473 48.0583 -122.97 48.0705 37
XG.CL19 XG.PA52 1.8223 1.8999 32991733416.6 -123.471 48.0577 -122.97 48.0705 37
XG.CL19 XG.PA54 1.8263 2.3759 1809325946.71 -123.471 48.0554 -122.97 48.0705 37
XG.CL19 XG.PA56 1.7906 1.8358 1468092038.41 -123.457 48.054 -122.97 48.0705 36
XG.CL19 XG.PA57 1.7878 1.8386 5733215106.67 -123.458 48.055 -122.97 48.0705 36
XG.CL19 XG.PA58 1.7936 1.8412 514214273.826 -123.458 48.057 -122.97 48.0705 36
XG.CL20 XG.PA05 1.8861 2.3117 3446.084 -123.472 48.0584 -122.963 48.0709 37
XG.CL20 XG.PA51 1.8472 1.6032 70833624.1669 -123.469 48.0542 -122.963 48.0709 37
XG.CL20 XG.PA52 1.8526 1.9247 7386868.8535 -123.471 48.0577 -122.963 48.0709 37
XG.CL20 XG.PA53 1.8736 3.2862 104040668.843 -123.473 48.0554 -122.963 48.0709 37
XG.CL20 XG.PA56 1.8005 1.8666 4729513.7352 -123.457 48.054 -122.963 48.0709 36
XG.CL20 XG.PA57 1.8122 1.8766 23852964.5912 -123.458 48.055 -122.963 48.0709 36
XG.CL20 XG.PA58 1.8292 1.8805 1601177.7749 -123.458 48.057 -122.963 48.0709 36
XG.CL20 XG.PA59 1.8443 2.3756 30705798.0987 -123.459 48.0517 -122.963 48.0709 36
XG.CL20 XG.PA60 1.8701 2.4195 12196364.8803 -123.471 48.0542 -122.963 48.0709 37
XG.CL51 XG.LC51 1.8491 1.8448 75.9606 -123.213 48.0513 -122.975 48.0715 17
XG.CL51 XG.PA01 1.7697 2.6029 184519.8774 -123.455 48.0568 -122.975 48.0715 35
XG.CL51 XG.PA04 1.7639 1.8673 2931770.1902 -123.466 48.0537 -122.975 48.0715 36
XG.CL51 XG.PA05 1.8161 2.3444 7894300.6011 -123.472 48.0584 -122.975 48.0715 36
XG.CL51 XG.PA07 1.7703 2.053 3491435.3535 -123.46 48.0578 -122.975 48.0715 36
XG.CL51 XG.PA08 1.7575 2.0435 88548.2613 -123.457 48.0517 -122.975 48.0715 35
XG.CL51 XG.PA09 1.7928 1.7277 3808149.2396 -123.474 48.0566 -122.975 48.0715 37
XG.CL51 XG.PA10 1.7756 2.3049 218025.9288 -123.461 48.0542 -122.975 48.0715 36
XG.CL51 XG.PA11 1.7764 1.7298 12662977.0116 -123.473 48.0583 -122.975 48.0715 37
XG.CL51 XG.PA12 1.7404 1.8702 268574148.225 -123.458 48.0521 -122.975 48.0715 35
XG.CL51 XG.PA51 1.8159 1.6717 2.37509483829e+11 -123.469 48.0542 -122.975 48.0715 36
XG.CL51 XG.PA52 1.8176 2.6148 67717301.0955 -123.471 48.0577 -122.975 48.0715 36
XG.CL51 XG.PA56 1.6937 2.4633 17.4228 -123.457 48.054 -122.975 48.0715 35
XG.CL51 XG.PA58 1.7979 1.6197 799457951.297 -123.458 48.057 -122.975 48.0715 35
XG.CL51 XG.PA59 1.7664 2.57 4.09320965843e+12 -123.459 48.0517 -122.975 48.0715 36
XG.CL52 XG.LC51 1.8379 1.852 64.9067 -123.213 48.0513 -122.975 48.0692 17
XG.CL52 XG.PA03 1.7862 1.7184 35914239.6642 -123.472 48.0533 -122.975 48.0692 36
XG.CL52 XG.PA04 1.7658 1.8687 37860927.6376 -123.466 48.0537 -122.975 48.0692 36
XG.CL52 XG.PA05 1.8068 2.3563 2073562.7022 -123.472 48.0584 -122.975 48.0692 36
XG.CL52 XG.PA06 1.7801 1.7102 26224781.5605 -123.469 48.0557 -122.975 48.0692 36
XG.CL52 XG.PA07 1.7606 2.0522 12901209.2483 -123.46 48.0578 -122.975 48.0692 36
XG.CL52 XG.PA08 1.7565 2.6154 835520.0586 -123.457 48.0517 -122.975 48.0692 35
XG.CL52 XG.PA09 1.7904 1.73 78547274.48 -123.474 48.0566 -122.975 48.0692 37
XG.CL52 XG.PA10 1.7717 2.3022 558591.6606 -123.461 48.0542 -122.975 48.0692 36
XG.CL52 XG.PA11 1.7843 2.7854 507544831.777 -123.473 48.0583 -122.975 48.0692 37
XG.CL52 XG.PA53 1.7285 2.5091 404978.8838 -123.473 48.0554 -122.975 48.0692 37
XG.CL52 XG.PA54 1.8352 2.5968 2697.6782 -123.471 48.0554 -122.975 48.0692 36
XG.CL52 XG.PA56 1.6305 1.8758 1669695856.41 -123.457 48.054 -122.975 48.0692 35
XG.CL52 XG.PA57 1.6025 1.5352 4.25731645582e+11 -123.458 48.055 -122.975 48.0692 35
XG.CL53 XG.PA03 1.7963 1.7134 5757899.8251 -123.472 48.0533 -122.974 48.0673 37
XG.CL53 XG.PA04 1.7822 1.5487 4802255.5067 -123.466 48.0537 -122.974 48.0673 36
XG.CL53 XG.PA05 1.8091 2.3293 11786928.1546 -123.472 48.0584 -122.974 48.0673 37
XG.CL53 XG.PA07 1.7746 2.0562 4027600.7574 -123.46 48.0578 -122.974 48.0673 36
XG.CL53 XG.PA08 1.7615 2.6262 277596.117 -123.457 48.0517 -122.974 48.0673 35
XG.CL53 XG.PA09 1.8 1.7228 14996100.494 -123.474 48.0566 -122.974 48.0673 37
XG.CL53 XG.PA13 1.7459 1.8508 4041585.5432 -123.46 48.0539 -122.974 48.0673 36
XG.CL53 XG.PA51 1.8085 1.6415 21314241334.7 -123.469 48.0542 -122.974 48.0673 36
XG.CL53 XG.PA52 1.7834 1.9484 88669464537.9 -123.471 48.0577 -122.974 48.0673 36
XG.CL53 XG.PA53 1.7377 1.9832 78072433710.5 -123.473 48.0554 -122.974 48.0673 37
XG.CL53 XG.PA57 1.7057 2.4425 5266769934.6 -123.458 48.055 -122.974 48.0673 36
XG.CL53 XG.PA59 1.7878 2.4979 4.98105281034e+12 -123.459 48.0517 -122.974 48.0673 36
XG.CL54 XG.PA01 1.7667 2.0283 958302.4239 -123.455 48.0568 -122.972 48.0667 35
XG.CL54 XG.PA03 1.7911 1.73 19534522.5076 -123.472 48.0533 -122.972 48.0667 37
XG.CL54 XG.PA04 1.7722 1.887 14715596.926 -123.466 48.0537 -122.972 48.0667 36
XG.CL54 XG.PA05 1.7956 1.5691 1466704.4243 -123.472 48.0584 -122.972 48.0667 37
XG.CL54 XG.PA07 1.7757 2.07 167566992.457 -123.46 48.0578 -122.972 48.0667 36
XG.CL54 XG.PA08 1.7608 2.0521 746909.5152 -123.457 48.0517 -122.972 48.0667 36
XG.CL54 XG.PA09 1.7999 1.7409 23719072.2652 -123.474 48.0566 -122.972 48.0667 37
XG.CL54 XG.PA10 1.7832 2.3153 376964.7786 -123.461 48.0542 -122.972 48.0667 36
XG.CL54 XG.PA12 1.7564 1.9036 955321731.226 -123.458 48.0521 -122.972 48.0667 36
XG.CL54 XG.PA13 1.7477 1.8688 162193623.035 -123.46 48.0539 -122.972 48.0667 36
XG.CL54 XG.PA51 1.798 1.6821 332206935.386 -123.469 48.0542 -122.972 48.0667 36
XG.CL54 XG.PA52 1.8138 2.621 185587612.682 -123.471 48.0577 -122.972 48.0667 37
XG.CL54 XG.PA53 1.8011 2.6441 4896260.6643 -123.473 48.0554 -122.972 48.0667 37
XG.CL54 XG.PA60 1.7074 2.5222 52855.0939 -123.471 48.0542 -122.972 48.0667 37
XG.CL55 XG.LC58 1.8112 1.8344 54.6786 -123.208 48.0599 -122.968 48.0671 17
XG.CL55 XG.LC60 1.8568 1.8528 63.594 -123.21 48.0569 -122.968 48.0671 18
XG.CL55 XG.PA01 1.7766 2.6119 22327.1979 -123.455 48.0568 -122.968 48.0671 36
XG.CL55 XG.PA04 1.7873 1.8891 34286548.0903 -123.466 48.0537 -122.968 48.0671 37
XG.CL55 XG.PA05 1.8327 2.3476 1012314.0864 -123.472 48.0584 -122.968 48.0671 37
XG.CL55 XG.PA06 1.8043 1.7282 35160333.52 -123.469 48.0557 -122.968 48.0671 37
XG.CL55 XG.PA07 1.7935 2.6681 6153466.1374 -123.46 48.0578 -122.968 48.0671 36
XG.CL55 XG.PA09 1.8179 1.7493 26335026.0159 -123.474 48.0566 -122.968 48.0671 37
XG.CL55 XG.PA10 1.7983 2.328 278457.261 -123.461 48.0542 -122.968 48.0671 36
XG.CL55 XG.PA11 1.8 1.7519 776876614.24 -123.473 48.0583 -122.968 48.0671 37
XG.CL55 XG.PA12 1.7647 1.9039 477960205.1 -123.458 48.0521 -122.968 48.0671 36
XG.CL55 XG.PA13 1.765 1.8763 104051026.567 -123.46 48.0539 -122.968 48.0671 36
XG.CL55 XG.PA52 1.7393 1.9349 4855722419.82 -123.471 48.0577 -122.968 48.0671 37
XG.CL56 XG.PA01 1.8013 2.0697 56440.7816 -123.455 48.0568 -122.965 48.0681 36
XG.CL56 XG.PA03 1.8248 1.7542 1482113.5357 -123.472 48.0533 -122.965 48.0681 37
XG.CL56 XG.PA04 1.8006 1.5827 4065148.1688 -123.466 48.0537 -122.965 48.0681 37
XG.CL56 XG.PA05 1.8407 2.4328 7028134.4274 -123.472 48.0584 -122.965 48.0681 37
XG.CL56 XG.PA06 1.831 2.1381 4285242.1727 -123.469 48.0557 -122.965 48.0681 37
XG.CL56 XG.PA07 1.7845 1.7111 5212127.1356 -123.46 48.0578 -122.965 48.0681 36
XG.CL56 XG.PA09 1.8288 1.7574 37165099.2018 -123.474 48.0566 -122.965 48.0681 37
XG.CL56 XG.PA11 1.8184 1.7552 42782639.1559 -123.473 48.0583 -122.965 48.0681 37
XG.CL56 XG.PA13 1.7737 1.5635 7334143.7179 -123.46 48.0539 -122.965 48.0681 36
XG.CL56 XG.PA52 1.8686 2.7403 212337870.296 -123.471 48.0577 -122.965 48.0681 37
XG.CL56 XG.PA58 1.8353 2.6673 97966537403.5 -123.458 48.057 -122.965 48.0681 36
XG.CL57 XG.PA01 1.7885 2.6603 37643.93 -123.455 48.0568 -122.968 48.0695 36
XG.CL57 XG.PA03 1.8124 1.7549 6109675.6821 -123.472 48.0533 -122.968 48.0695 37
XG.CL57 XG.PA04 1.793 1.9154 19108248.9573 -123.466 48.0537 -122.968 48.0695 37
XG.CL57 XG.PA06 1.8034 2.1566 30057623.6853 -123.469 48.0557 -122.968 48.0695 37
XG.CL57 XG.PA07 1.7772 1.7021 17567852.6902 -123.46 48.0578 -122.968 48.0695 36
XG.CL57 XG.PA10 1.7974 2.3504 2256872.404 -123.461 48.0542 -122.968 48.0695 36
XG.CL57 XG.PA12 1.7698 1.943 309227.5671 -123.458 48.0521 -122.968 48.0695 36
XG.CL57 XG.PA13 1.7562 1.8941 212875051.548 -123.46 48.0539 -122.968 48.0695 36
XG.CL57 XG.PA52 1.8166 2.6528 5811818.2857 -123.471 48.0577 -122.968 48.0695 37
XG.CL57 XG.PA53 1.8075 1.7052 154697.984 -123.473 48.0554 -122.968 48.0695 37
XG.CL57 XG.PA54 1.8314 2.0917 1469578.4836 -123.471 48.0554 -122.968 48.0695 37
XG.CL57 XG.PA56 1.7733 2.0168 32511.0876 -123.457 48.054 -122.968 48.0695 36
XG.CL57 XG.PA57 1.7746 2.0342 215422.0438 -123.458 48.055 -122.968 48.0695 36
XG.CL57 XG.PA58 1.7724 2.5899 676455.8293 -123.458 48.057 -122.968 48.0695 36
XG.CL57 XG.PA59 1.762 1.6637 350722950.354 -123.459 48.0517 -122.968 48.0695 36
XG.CL58 XG.PA03 1.811 1.7553 13908720.7074 -123.472 48.0533 -122.966 48.0715 37
XG.CL58 XG.PA04 1.7868 1.9113 101286225.217 -123.466 48.0537 -122.966 48.0715 37
XG.CL58 XG.PA07 1.7728 1.7078 38098152.2511 -123.46 48.0578 -122.966 48.0715 36
XG.CL58 XG.PA09 1.825 1.765 96708333.165 -123.474 48.0566 -122.966 48.0715 37
XG.CL58 XG.PA10 1.7947 2.3433 701564.8829 -123.461 48.0542 -122.966 48.0715 36
XG.CL58 XG.PA11 1.8047 1.7932 10601139.426 -123.473 48.0583 -122.966 48.0715 37
XG.CL58 XG.PA13 1.7704 1.9063 106268454.283 -123.46 48.0539 -122.966 48.0715 36
XG.CL58 XG.PA51 1.8265 2.1044 393370.8725 -123.469 48.0542 -122.966 48.0715 37
XG.CL58 XG.PA52 1.8167 1.7154 198937.0463 -123.471 48.0577 -122.966 48.0715 37
XG.CL58 XG.PA54 1.8285 1.7094 34158.7381 -123.471 48.0554 -122.966 48.0715 37
XG.CL58 XG.PA58 1.7929 2.592 1207250.2458 -123.458 48.057 -122.966 48.0715 36
XG.CL59 XG.LC54 1.8694 1.8454 33.4021 -123.21 48.053 -122.971 48.0712 17
XG.CL59 XG.PA02 1.7402 1.9022 1234267.7503 -123.461 48.0517 -122.971 48.0712 36
XG.CL59 XG.PA03 1.7994 1.7351 2762718.3142 -123.472 48.0533 -122.971 48.0712 37
XG.CL59 XG.PA04 1.7883 1.8829 15066477.3268 -123.466 48.0537 -122.971 48.0712 36
XG.CL59 XG.PA05 1.8075 2.3967 31704.9268 -123.472 48.0584 -122.971 48.0712 37
XG.CL59 XG.PA06 1.7951 1.7243 4323932.5871 -123.469 48.0557 -122.971 48.0712 37
XG.CL59 XG.PA07 1.757 1.6897 1295596.7216 -123.46 48.0578 -122.971 48.0712 36
XG.CL59 XG.PA09 1.8102 1.7404 38067748.1246 -123.474 48.0566 -122.971 48.0712 37
XG.CL59 XG.PA10 1.7779 2.3279 421990.4987 -123.461 48.0542 -122.971 48.0712 36
XG.CL59 XG.PA12 1.7484 1.8932 182580077.213 -123.458 48.0521 -122.971 48.0712 36
XG.CL59 XG.PA51 1.8189 2.6259 21772904.8629 -123.469 48.0542 -122.971 48.0712 37
XG.CL59 XG.PA53 1.7871 1.6892 168876.0446 -123.473 48.0554 -122.971 48.0712 37
XG.CL59 XG.PA58 1.765 2.5294 40921950.4241 -123.458 48.057 -122.971 48.0712 36
XG.CL59 XG.PA59 1.7742 2.5675 1.19632178617e+11 -123.459 48.0517 -122.971 48.0712 36
XG.CL59 XG.PA60 1.7744 2.5631 8620.1533 -123.471 48.0542 -122.971 48.0712 37
XG.CL60 XG.LC53 1.8581 1.846 120.8577 -123.207 48.0556 -122.967 48.0652 17
XG.CL60 XG.PA01 1.7633 1.6771 345160.4918 -123.455 48.0568 -122.967 48.0652 36
XG.CL60 XG.PA03 1.822 1.7409 2227094.6875 -123.472 48.0533 -122.967 48.0652 37
XG.CL60 XG.PA04 1.8083 2.3792 10080451.5804 -123.466 48.0537 -122.967 48.0652 37
XG.CL60 XG.PA05 1.824 1.9008 812271.5908 -123.472 48.0584 -122.967 48.0652 37
XG.CL60 XG.PA06 1.808 1.7291 7447722.1442 -123.469 48.0557 -122.967 48.0652 37
XG.CL60 XG.PA08 1.7751 1.682 447683.9871 -123.457 48.0517 -122.967 48.0652 36
XG.CL60 XG.PA09 1.8348 1.7469 44354247.3657 -123.474 48.0566 -122.967 48.0652 37
XG.CL60 XG.PA10 1.7981 2.3317 150878.7178 -123.461 48.0542 -122.967 48.0652 36
XG.CL60 XG.PA11 1.801 1.7444 10473128455.5 -123.473 48.0583 -122.967 48.0652 37
XG.CL60 XG.PA52 1.8371 2.6422 907.6618 -123.471 48.0577 -122.967 48.0652 37
XG.CL60 XG.PA54 1.8064 2.5201 662.3507 -123.471 48.0554 -122.967 48.0652 37
XG.CL60 XG.PA58 1.8214 2.5713 10249789.7104 -123.458 48.057 -122.967 48.0652 36
XG.DR02 XG.LC06 2.2311 2.1626 1303186285.66 -123.212 48.0601 -123.318 48.0033 10
XG.DR08 XG.LC06 2.2514 2.3445 5963362.4621 -123.212 48.0601 -123.308 48.0033 9
XG.DR12 XG.LC52 2.8443 2.5487 1.29065829792e+14 -123.208 48.0511 -123.313 48.0033 9
XG.DR12 XG.LC54 2.9305 2.5349 1.26319082808e+14 -123.21 48.053 -123.313 48.0033 9
XG.DR56 XG.LC58 1.8849 2.0062 93210.5654 -123.208 48.0599 -123.317 48.0014 10
XG.LC11 XG.PA10 1.7874 1.8895 1380404644.88 -123.461 48.0542 -123.214 48.054 18
XG.LC52 XG.PA51 2.0028 2.1529 154.6725 -123.469 48.0542 -123.208 48.0511 19
XG.LC52 XG.PA52 2.0127 2.1592 74.5972 -123.471 48.0577 -123.208 48.0511 19
XG.LC52 XG.PA59 1.9417 2.0204 5813.3804 -123.459 48.0517 -123.208 48.0511 18
XG.LC53 XG.PA55 1.6183 1.7082 90642.1314 -123.462 48.0534 -123.207 48.0556 18
XG.LC54 XG.PA55 1.5868 1.7021 742441.8969 -123.462 48.0534 -123.21 48.053 18
XG.LC57 XG.PA53 4.999 3.2756 2500.9956 -123.473 48.0554 -123.216 48.059 19
XG.LC57 XG.PA57 1.8416 1.8976 140.0142 -123.458 48.055 -123.216 48.059 17
