XBCM01 XBCM02 3.2719 3.6408 42.2343 13.2890 2.6980 9.8340 2.3890 385
XBCM01 XBCM03 3.2441 3.6028 31.906 15.0340 3.5190 9.8340 2.3890 591
XBCM01 XBCM04 3.3345 3.6346 69.1517 11.9590 2.9790 9.8340 2.3890 245
XBCM01 XBCM05 2.4325 3.725 320.8623 9.9140 2.9420 9.8340 2.3890 62
XBCM01 XBCM06 3.3346 3.5921 80.2221 11.2680 2.3850 9.8340 2.3890 159
XBCM01 XBCM07 3.1389 3.5746 24.1743 11.4560 3.8700 9.8340 2.3890 244
XBCM01 XBCM10 3.1295 3.5847 53.6675 10.6190 4.2230 9.8340 2.3890 221
XBCM01 XBCM12 3.3109 3.6351 36.2403 11.6340 4.4810 9.8340 2.3890 306
XBCM01 XBCM13 2.7093 3.4887 31.813 9.4620 4.5880 9.8340 2.3890 248
XBCM01 XBCM14 3.262 3.6033 40.5322 14.3580 4.4220 9.8340 2.3890 550
XBCM01 XBCM15 3.1385 3.5846 44.9146 9.9330 5.0340 9.8340 2.3890 294
XBCM01 XBCM17 3.3188 3.6077 33.7166 12.3120 5.5460 9.8340 2.3890 445
XBCM01 XBCM18 2.9803 3.5443 83.2851 9.3550 5.7230 9.8340 2.3890 374
XBCM01 XBCM19 3.1586 3.5811 39.8974 11.2320 5.9750 9.8340 2.3890 427
XBCM01 XBCM20 3.1787 3.58 37.3503 10.0540 6.2250 9.8340 2.3890 427
XBCM01 XBCM21 3.2321 3.2315 40.0002 12.6200 6.4670 9.8340 2.3890 548
XBCM01 XBCM22 3.1028 3.5679 28.8074 13.2680 6.4770 9.8340 2.3890 593
XBCM01 XBCM23 3.2337 3.595 39.0778 10.7930 6.3700 9.8340 2.3890 455
XBCM01 XBCM25 3.15 3.5866 30.8919 11.8110 6.7600 9.8340 2.3890 533
XBCM01 XBCM26 3.1186 3.586 23.3223 13.5480 7.2650 9.8340 2.3890 680
XBCM01 XBCM27 3.2539 3.5825 24.82 12.6670 7.3590 9.8340 2.3890 635
XBCM01 XBCM28 3.1688 3.5805 37.1121 13.2370 8.4690 9.8340 2.3890 774
XBCM01 XBCM29 3.1852 3.6044 32.4595 13.3850 9.3470 9.8340 2.3890 867
XBCM01 XBCM30 3.171 3.6037 23.1405 13.9500 9.7570 9.8340 2.3890 937
XBCM01 XBCM31 3.2023 3.5944 31.2459 15.2620 10.3270 9.8340 2.3890 1067
XBCM01 XBCM32 3.1138 3.6019 15.6388 14.3720 10.6190 9.8340 2.3890 1043
XBCM02 XBCM04 3.2221 3.5815 59.0463 11.9590 2.9790 13.2890 2.6980 151
XBCM02 XBCM05 3.2497 3.6065 57.4379 9.9140 2.9420 13.2890 2.6980 375
XBCM02 XBCM06 3.2534 3.6057 58.0584 11.2680 2.3850 13.2890 2.6980 227
XBCM02 XBCM07 3.2708 3.6357 118.3077 11.4560 3.8700 13.2890 2.6980 241
XBCM02 XBCM09 3.1018 3.5836 33.6586 9.3280 4.2340 13.2890 2.6980 471
XBCM02 XBCM10 3.2371 3.6642 46.9718 10.6190 4.2230 13.2890 2.6980 341
XBCM02 XBCM11 3.1565 3.6468 71.1267 13.1880 3.9800 13.2890 2.6980 143
XBCM02 XBCM13 3.1388 3.6164 15.7728 9.4620 4.5880 13.2890 2.6980 473
XBCM02 XBCM14 3.2846 3.5855 41.1759 14.3580 4.4220 13.2890 2.6980 225
XBCM02 XBCM15 3.2295 3.6109 49.9711 9.9330 5.0340 13.2890 2.6980 454
XBCM02 XBCM16 3.161 3.5836 56.0506 10.5720 5.4800 13.2890 2.6980 431
XBCM02 XBCM17 3.1949 3.5928 48.4044 12.3120 5.5460 13.2890 2.6980 334
XBCM02 XBCM18 3.1986 3.6238 51.3346 9.3550 5.7230 13.2890 2.6980 551
XBCM02 XBCM19 3.2186 3.5879 49.6651 11.2320 5.9750 13.2890 2.6980 429
XBCM02 XBCM20 3.1514 3.5476 55.3606 10.0540 6.2250 13.2890 2.6980 531
XBCM02 XBCM21 3.3437 3.6399 50.6173 12.6200 6.4670 13.2890 2.6980 425
XBCM02 XBCM23 3.1583 3.5713 45.4432 10.7930 6.3700 13.2890 2.6980 493
XBCM02 XBCM24 3.2051 3.5424 22.8225 14.2880 6.5230 13.2890 2.6980 439
XBCM02 XBCM25 3.1538 3.5773 52.5994 11.8110 6.7600 13.2890 2.6980 480
XBCM02 XBCM26 3.1223 3.5661 51.858 13.5480 7.2650 13.2890 2.6980 508
XBCM02 XBCM27 3.0887 3.5846 26.5183 12.6670 7.3590 13.2890 2.6980 523
XBCM02 XBCM28 3.1349 3.5781 35.7931 13.2370 8.4690 13.2890 2.6980 641
XBCM02 XBCM29 3.0497 3.5899 22.0083 13.3850 9.3470 13.2890 2.6980 739
XBCM02 XBCM30 3.1246 3.5902 30.1067 13.9500 9.7570 13.2890 2.6980 788
XBCM02 XBCM32 3.1018 3.5786 26.0821 14.3720 10.6190 13.2890 2.6980 889
XBCM03 XBCM04 3.2701 3.6362 32.3036 11.9590 2.9790 15.0340 3.5190 346
XBCM03 XBCM05 3.2594 3.6228 19.3145 9.9140 2.9420 15.0340 3.5190 572
XBCM03 XBCM06 3.2611 3.6253 39.4799 11.2680 2.3850 15.0340 3.5190 436
XBCM03 XBCM07 3.2282 3.5776 51.8037 11.4560 3.8700 15.0340 3.5190 399
XBCM03 XBCM09 3.0909 3.5701 29.8236 9.3280 4.2340 15.0340 3.5190 638
XBCM03 XBCM10 3.1982 3.5892 51.6549 10.6190 4.2230 15.0340 3.5190 496
XBCM03 XBCM11 3.295 3.5889 77.3935 13.1880 3.9800 15.0340 3.5190 211
XBCM03 XBCM12 3.2303 3.5644 54.3644 11.6340 4.4810 15.0340 3.5190 392
XBCM03 XBCM13 3.2399 3.6058 23.5962 9.4620 4.5880 15.0340 3.5190 629
XBCM03 XBCM14 2.9588 3.6117 90.1307 14.3580 4.4220 15.0340 3.5190 125
XBCM03 XBCM15 3.249 3.5767 49.2131 9.9330 5.0340 15.0340 3.5190 590
XBCM03 XBCM17 3.0328 3.5796 52.0598 12.3120 5.5460 15.0340 3.5190 376
XBCM03 XBCM18 3.1679 3.5748 53.6262 9.3550 5.7230 15.0340 3.5190 675
XBCM03 XBCM19 3.1066 3.5722 56.3281 11.2320 5.9750 15.0340 3.5190 502
XBCM03 XBCM20 3.096 3.556 40.9948 10.0540 6.2250 15.0340 3.5190 628
XBCM03 XBCM21 3.0854 3.5481 63.0745 12.6200 6.4670 15.0340 3.5190 423
XBCM03 XBCM22 3.1105 3.524 66.7082 13.2680 6.4770 15.0340 3.5190 382
XBCM03 XBCM23 3.1382 3.5669 62.5419 10.7930 6.3700 15.0340 3.5190 566
XBCM03 XBCM24 3.0999 3.5652 65.1844 14.2880 6.5230 15.0340 3.5190 344
XBCM03 XBCM25 3.131 3.5641 67.6164 11.8110 6.7600 15.0340 3.5190 507
XBCM03 XBCM26 3.0954 3.5099 73.7651 13.5480 7.2650 15.0340 3.5190 447
XBCM03 XBCM27 3.0648 3.5374 47.741 12.6670 7.3590 15.0340 3.5190 501
XBCM03 XBCM28 3.0567 3.549 64.5019 13.2370 8.4690 15.0340 3.5190 585
XBCM03 XBCM29 3.0248 3.5786 34.727 13.3850 9.3470 15.0340 3.5190 673
XBCM03 XBCM30 3.1466 3.5767 38.4486 13.9500 9.7570 15.0340 3.5190 704
XBCM03 XBCM31 3.1474 3.5893 37.0905 15.2620 10.3270 15.0340 3.5190 757
XBCM03 XBCM32 3.0783 3.553 46.0497 14.3720 10.6190 15.0340 3.5190 793
XBCM04 XBCM05 3.2251 3.5939 73.9702 9.9140 2.9420 11.9590 2.9790 227
XBCM04 XBCM06 2.9062 3.6236 66.938 11.2680 2.3850 11.9590 2.9790 101
XBCM04 XBCM07 2.9961 3.6495 82.0493 11.4560 3.8700 11.9590 2.9790 113
XBCM04 XBCM08 3.1049 3.6598 8.7547 9.8630 3.9090 11.9590 2.9790 254
XBCM04 XBCM10 3.1443 3.6128 82.2297 10.6190 4.2230 11.9590 2.9790 203
XBCM04 XBCM11 3.1044 3.6082 59.4849 13.1880 3.9800 11.9590 2.9790 176
XBCM04 XBCM12 3.2477 3.6029 116.4244 11.6340 4.4810 11.9590 2.9790 170
XBCM04 XBCM13 3.1479 3.0454 36.1632 9.4620 4.5880 11.9590 2.9790 329
XBCM04 XBCM15 3.1912 3.5685 96.9184 9.9330 5.0340 11.9590 2.9790 320
XBCM04 XBCM16 3.1743 3.5849 59.3488 10.5720 5.4800 11.9590 2.9790 317
XBCM04 XBCM17 3.2891 3.6342 69.5366 12.3120 5.5460 11.9590 2.9790 288
XBCM04 XBCM18 3.1902 3.5873 55.6992 9.3550 5.7230 11.9590 2.9790 420
XBCM04 XBCM19 3.2181 3.6058 75.9427 11.2320 5.9750 11.9590 2.9790 342
XBCM04 XBCM20 3.1763 3.5567 71.8478 10.0540 6.2250 11.9590 2.9790 418
XBCM04 XBCM21 3.0566 3.6249 27.177 12.6200 6.4670 11.9590 2.9790 394
XBCM04 XBCM23 3.2233 3.5855 75.207 10.7930 6.3700 11.9590 2.9790 398
XBCM04 XBCM24 3.084 3.5595 28.633 14.2880 6.5230 11.9590 2.9790 471
XBCM04 XBCM25 3.2037 3.5816 63.3836 11.8110 6.7600 11.9590 2.9790 420
XBCM04 XBCM26 3.2532 3.622 37.8721 13.5480 7.2650 11.9590 2.9790 508
XBCM04 XBCM27 3.1248 3.5912 23.0728 12.6670 7.3590 11.9590 2.9790 493
XBCM04 XBCM28 3.1257 3.5825 24.9472 13.2370 8.4690 11.9590 2.9790 626
XBCM04 XBCM29 3.1492 3.5941 36.6449 13.3850 9.3470 11.9590 2.9790 725
XBCM04 XBCM30 3.1811 3.5962 23.7837 13.9500 9.7570 11.9590 2.9790 785
XBCM04 XBCM31 3.1675 3.605 23.737 15.2620 10.3270 11.9590 2.9790 894
XBCM05 XBCM06 3.2752 3.6682 71.4428 11.2680 2.3850 9.9140 2.9420 162
XBCM05 XBCM07 3.086 3.5732 63.613 11.4560 3.8700 9.9140 2.9420 199
XBCM05 XBCM08 2.6609 2.2255 14.8884 9.8630 3.9090 9.9140 2.9420 107
XBCM05 XBCM09 2.8248 3.4371 71.9808 9.3280 4.2340 9.9140 2.9420 157
XBCM05 XBCM10 2.9387 3.6072 61.9776 10.6190 4.2230 9.9140 2.9420 162
XBCM05 XBCM11 3.1583 3.6038 38.0776 13.1880 3.9800 9.9140 2.9420 381
XBCM05 XBCM12 3.215 3.6437 52.6179 11.6340 4.4810 9.9140 2.9420 256
XBCM05 XBCM13 2.7768 3.4973 55.5295 9.4620 4.5880 9.9140 2.9420 189
XBCM05 XBCM14 3.1497 3.5856 41.6244 14.3580 4.4220 9.9140 2.9420 520
XBCM05 XBCM15 3.068 3.6008 62.9904 9.9330 5.0340 9.9140 2.9420 232
XBCM05 XBCM16 3.2144 3.6193 46.7862 10.5720 5.4800 9.9140 2.9420 291
XBCM05 XBCM17 3.1511 3.6163 45.0081 12.3120 5.5460 9.9140 2.9420 393
XBCM05 XBCM18 2.9298 3.5646 59.2498 9.3550 5.7230 9.9140 2.9420 315
XBCM05 XBCM19 3.161 3.5846 54.884 11.2320 5.9750 9.9140 2.9420 367
XBCM05 XBCM20 3.2437 3.6077 45.3577 10.0540 6.2250 9.9140 2.9420 365
XBCM05 XBCM21 3.1603 3.6177 29.7168 12.6200 6.4670 9.9140 2.9420 493
XBCM05 XBCM22 3.1118 3.5938 31.0393 13.2680 6.4770 9.9140 2.9420 541
XBCM05 XBCM23 3.1013 3.6053 31.8845 10.7930 6.3700 9.9140 2.9420 393
XBCM05 XBCM24 3.1416 3.6005 14.4492 14.2880 6.5230 9.9140 2.9420 627
XBCM05 XBCM25 3.1873 3.6055 29.6028 11.8110 6.7600 9.9140 2.9420 473
XBCM05 XBCM26 3.0464 3.5878 24.5856 13.5480 7.2650 9.9140 2.9420 627
XBCM05 XBCM27 3.2441 3.5704 17.8758 12.6670 7.3590 9.9140 2.9420 578
XBCM05 XBCM28 3.1865 3.582 29.3436 13.2370 8.4690 9.9140 2.9420 716
XBCM05 XBCM29 3.1375 3.5895 29.4215 13.3850 9.3470 9.9140 2.9420 809
XBCM05 XBCM30 3.0951 3.6089 20.2198 13.9500 9.7570 9.9140 2.9420 879
XBCM05 XBCM31 3.2029 3.598 14.5878 15.2620 10.3270 9.9140 2.9420 1011
XBCM05 XBCM32 3.1006 3.6123 23.1589 14.3720 10.6190 9.9140 2.9420 985
XBCM06 XBCM07 3.2284 3.6061 118.2181 11.4560 3.8700 11.2680 2.3850 166
XBCM06 XBCM08 3.012 2.8187 10.9805 9.8630 3.9090 11.2680 2.3850 230
XBCM06 XBCM09 3.0036 3.5375 69.9988 9.3280 4.2340 11.2680 2.3850 297
XBCM06 XBCM10 3.2223 3.6073 112.2115 10.6190 4.2230 11.2680 2.3850 216
XBCM06 XBCM11 3.2452 3.6001 63.963 13.1880 3.9800 11.2680 2.3850 277
XBCM06 XBCM12 3.2113 3.6113 113.3053 11.6340 4.4810 11.2680 2.3850 236
XBCM06 XBCM13 3.1152 3.5463 57.7123 9.4620 4.5880 11.2680 2.3850 316
XBCM06 XBCM14 3.2002 3.6144 42.9216 14.3580 4.4220 11.2680 2.3850 411
XBCM06 XBCM15 3.279 3.5964 107.046 9.9330 5.0340 11.2680 2.3850 329
XBCM06 XBCM16 3.2043 3.0165 46.2822 10.5720 5.4800 11.2680 2.3850 352
XBCM06 XBCM17 3.213 3.6023 79.374 12.3120 5.5460 11.2680 2.3850 370
XBCM06 XBCM18 3.2459 3.61 163.8941 9.3550 5.7230 11.2680 2.3850 427
XBCM06 XBCM19 3.2176 3.5966 76.4116 11.2320 5.9750 11.2680 2.3850 399
XBCM06 XBCM20 3.1812 3.5616 79.4315 10.0540 6.2250 11.2680 2.3850 447
XBCM06 XBCM21 3.1863 3.5962 40.4031 12.6200 6.4670 11.2680 2.3850 478
XBCM06 XBCM22 3.1219 3.5997 71.7673 13.2680 6.4770 11.2680 2.3850 506
XBCM06 XBCM23 3.1728 3.5666 79.1579 10.7930 6.3700 11.2680 2.3850 446
XBCM06 XBCM24 3.1812 3.5802 35.8153 14.2880 6.5230 11.2680 2.3850 569
XBCM06 XBCM25 3.2013 3.5989 51.4787 11.8110 6.7600 11.2680 2.3850 490
XBCM06 XBCM26 3.2277 3.5924 45.1549 13.5480 7.2650 11.2680 2.3850 598
XBCM06 XBCM27 3.1281 3.5935 22.0497 12.6670 7.3590 11.2680 2.3850 574
XBCM06 XBCM28 3.1181 3.5808 35.9945 13.2370 8.4690 11.2680 2.3850 710
XBCM06 XBCM29 3.1808 3.6004 34.8913 13.3850 9.3470 11.2680 2.3850 808
XBCM06 XBCM30 3.1674 3.6115 38.1672 13.9500 9.7570 11.2680 2.3850 871
XBCM06 XBCM31 3.1595 3.6019 32.7012 15.2620 10.3270 11.2680 2.3850 987
XBCM07 XBCM08 3.1934 3.6532 6.1793 9.8630 3.9090 11.4560 3.8700 176
XBCM07 XBCM09 3.1228 3.5547 75.5198 9.3280 4.2340 11.4560 3.8700 239
XBCM07 XBCM10 3.1409 3.6625 92.9446 10.6190 4.2230 11.4560 3.8700 100
XBCM07 XBCM11 3.2821 3.5371 84.2745 13.1880 3.9800 11.4560 3.8700 192
XBCM07 XBCM12 2.7094 3.7398 224.2998 11.6340 4.4810 11.4560 3.8700 70
XBCM07 XBCM13 3.2248 3.6389 27.8164 9.4620 4.5880 11.4560 3.8700 235
XBCM07 XBCM14 3.2044 3.5921 66.423 14.3580 4.4220 11.4560 3.8700 327
XBCM07 XBCM15 3.1163 3.5912 100.6647 9.9330 5.0340 11.4560 3.8700 212
XBCM07 XBCM16 3.1993 3.5609 86.9355 10.5720 5.4800 11.4560 3.8700 204
XBCM07 XBCM18 3.1012 3.5928 96.714 9.3550 5.7230 11.4560 3.8700 310
XBCM07 XBCM19 3.1492 3.5852 76.5051 11.2320 5.9750 11.4560 3.8700 235
XBCM07 XBCM20 3.1411 3.5274 96.3676 10.0540 6.2250 11.4560 3.8700 304
XBCM07 XBCM21 3.1123 3.5529 69.2215 12.6200 6.4670 11.4560 3.8700 316
XBCM07 XBCM22 3.0496 3.5882 53.5004 13.2680 6.4770 11.4560 3.8700 352
XBCM07 XBCM23 3.1686 3.5543 118.7072 10.7930 6.3700 11.4560 3.8700 287
XBCM07 XBCM24 3.1233 3.6007 39.2338 14.2880 6.5230 11.4560 3.8700 430
XBCM07 XBCM25 3.284 3.5938 74.8874 11.8110 6.7600 11.4560 3.8700 323
XBCM07 XBCM26 3.1768 3.5773 54.8419 13.5480 7.2650 11.4560 3.8700 442
XBCM07 XBCM27 3.1632 3.5643 22.4881 12.6670 7.3590 11.4560 3.8700 410
XBCM07 XBCM28 3.0815 3.582 13.1504 13.2370 8.4690 11.4560 3.8700 548
XBCM07 XBCM29 3.1307 3.583 48.6038 13.3850 9.3470 11.4560 3.8700 645
XBCM07 XBCM30 3.1694 3.6021 48.3898 13.9500 9.7570 11.4560 3.8700 710
XBCM07 XBCM31 3.1304 3.5995 32.4095 15.2620 10.3270 11.4560 3.8700 831
XBCM07 XBCM32 3.2043 3.6261 38.1325 14.3720 10.6190 11.4560 3.8700 816
XBCM08 XBCM10 2.9605 3.5702 46.6616 10.6190 4.2230 9.8630 3.9090 90
XBCM08 XBCM11 3.1962 3.5943 7.1033 13.1880 3.9800 9.8630 3.9090 369
XBCM08 XBCM12 3.1144 3.6153 9.8062 11.6340 4.4810 9.8630 3.9090 206
XBCM08 XBCM14 3.2032 3.6099 9.1122 14.3580 4.4220 9.8630 3.9090 501
XBCM08 XBCM15 3.1167 3.7108 22.3739 9.9330 5.0340 9.8630 3.9090 125
XBCM08 XBCM16 2.9539 3.6149 7.3527 10.5720 5.4800 9.8630 3.9090 191
XBCM08 XBCM17 3.1311 3.5573 4.3288 12.3120 5.5460 9.8630 3.9090 326
XBCM08 XBCM18 3.0235 2.7134 10.3848 9.3550 5.7230 9.8630 3.9090 209
XBCM08 XBCM19 3.3772 3.6061 8.1392 11.2320 5.9750 9.8630 3.9090 275
XBCM08 XBCM20 3.275 3.5691 10.9432 10.0540 6.2250 9.8630 3.9090 258
XBCM08 XBCM21 3.1188 3.5808 4.3108 12.6200 6.4670 9.8630 3.9090 417
XBCM08 XBCM22 3.0217 3.5899 6.9618 13.2680 6.4770 9.8630 3.9090 473
XBCM08 XBCM23 3.1829 3.5567 7.2202 10.7930 6.3700 9.8630 3.9090 292
XBCM08 XBCM25 3.1383 3.6158 6.998 11.8110 6.7600 9.8630 3.9090 383
XBCM08 XBCM26 3.0666 3.571 7.5467 13.5480 7.2650 9.8630 3.9090 552
XBCM08 XBCM31 3.1546 3.5887 7.259 15.2620 10.3270 9.8630 3.9090 929
XBCM09 XBCM10 2.9607 3.432 41.4978 10.6190 4.2230 9.3280 4.2340 143
XBCM09 XBCM11 3.1039 3.5642 34.0161 13.1880 3.9800 9.3280 4.2340 429
XBCM09 XBCM12 3.1712 3.5799 49.7721 11.6340 4.4810 9.3280 4.2340 257
XBCM09 XBCM13 2.6445 4.0185 80.5909 9.4620 4.5880 9.3280 4.2340 42
XBCM09 XBCM15 2.8967 3.5495 31.7938 9.9330 5.0340 9.3280 4.2340 111
XBCM09 XBCM16 3.1939 3.5654 24.6166 10.5720 5.4800 9.3280 4.2340 195
XBCM09 XBCM17 3.2417 3.5843 29.9665 12.3120 5.5460 9.3280 4.2340 361
XBCM09 XBCM18 3.1102 3.6664 103.1001 9.3550 5.7230 9.3280 4.2340 165
XBCM09 XBCM19 3.2793 3.5688 32.1102 11.2320 5.9750 9.3280 4.2340 286
XBCM09 XBCM21 3.2693 3.5848 24.8347 12.6200 6.4670 9.3280 4.2340 441
XBCM09 XBCM22 3.184 3.5704 17.7687 13.2680 6.4770 9.3280 4.2340 502
XBCM09 XBCM23 3.0596 3.5378 58.6065 10.7930 6.3700 9.3280 4.2340 287
XBCM09 XBCM24 3.1594 3.5735 34.1453 14.2880 6.5230 9.3280 4.2340 605
XBCM09 XBCM25 3.1439 3.5189 25.7318 11.8110 6.7600 9.3280 4.2340 393
XBCM09 XBCM26 3.3035 3.5815 33.7686 13.5480 7.2650 9.3280 4.2340 575
XBCM09 XBCM27 3.1363 3.5312 7.4441 12.6670 7.3590 9.3280 4.2340 507
XBCM09 XBCM28 3.1224 3.5281 34.2052 13.2370 8.4690 9.3280 4.2340 639
XBCM09 XBCM29 3.1473 3.5635 31.9532 13.3850 9.3470 9.3280 4.2340 723
XBCM09 XBCM30 3.1159 3.5641 38.4574 13.9500 9.7570 9.3280 4.2340 798
XBCM09 XBCM32 3.1134 3.577 22.2805 14.3720 10.6190 9.3280 4.2340 901
XBCM10 XBCM11 3.2207 3.5826 70.5309 13.1880 3.9800 10.6190 4.2230 286
XBCM10 XBCM12 3.0426 3.5415 109.5397 11.6340 4.4810 10.6190 4.2230 116
XBCM10 XBCM13 3.2724 3.6586 38.9098 9.4620 4.5880 10.6190 4.2230 134
XBCM10 XBCM14 3.1186 3.5884 51.8894 14.3580 4.4220 10.6190 4.2230 415
XBCM10 XBCM15 2.9383 2.3254 103.5053 9.9330 5.0340 10.6190 4.2230 117
XBCM10 XBCM16 3.3445 3.5516 126.2294 10.5720 5.4800 10.6190 4.2230 139
XBCM10 XBCM17 3.135 3.5878 56.7676 12.3120 5.5460 10.6190 4.2230 238
XBCM10 XBCM18 3.1181 3.5933 103.656 9.3550 5.7230 10.6190 4.2230 217
XBCM10 XBCM19 3.2288 3.6286 75.6031 11.2320 5.9750 10.6190 4.2230 206
XBCM10 XBCM20 3.1503 3.5322 120.8983 10.0540 6.2250 10.6190 4.2230 231
XBCM10 XBCM21 3.1582 3.6112 44.4623 12.6200 6.4670 10.6190 4.2230 333
XBCM10 XBCM22 3.0781 3.5753 45.8392 13.2680 6.4770 10.6190 4.2230 385
XBCM10 XBCM23 3.2632 3.5377 94.6847 10.7930 6.3700 10.6190 4.2230 239
XBCM10 XBCM25 3.0979 3.5818 57.7245 11.8110 6.7600 10.6190 4.2230 311
XBCM10 XBCM26 3.1088 3.5617 35.5042 13.5480 7.2650 10.6190 4.2230 468
XBCM10 XBCM27 3.225 3.577 14.3012 12.6670 7.3590 10.6190 4.2230 415
XBCM10 XBCM28 3.1498 3.5674 26.3762 13.2370 8.4690 10.6190 4.2230 553
XBCM10 XBCM29 3.1442 3.5843 26.4449 13.3850 9.3470 10.6190 4.2230 646
XBCM10 XBCM30 3.1727 3.599 39.2544 13.9500 9.7570 10.6190 4.2230 716
XBCM10 XBCM31 3.203 3.6115 38.5425 15.2620 10.3270 10.6190 4.2230 850
XBCM10 XBCM32 3.1681 3.6117 16.8039 14.3720 10.6190 10.6190 4.2230 822
XBCM11 XBCM12 3.1557 3.5743 77.0402 11.6340 4.4810 13.1880 3.9800 181
XBCM11 XBCM13 3.2085 3.5909 26.4613 9.4620 4.5880 13.1880 3.9800 418
XBCM11 XBCM14 3.194 3.5991 104.2576 14.3580 4.4220 13.1880 3.9800 138
XBCM11 XBCM15 3.2572 3.5915 70.1636 9.9330 5.0340 13.1880 3.9800 379
XBCM11 XBCM16 3.0893 3.5756 47.3632 10.5720 5.4800 13.1880 3.9800 334
XBCM11 XBCM17 3.0989 3.5497 78.1342 12.3120 5.5460 13.1880 3.9800 199
XBCM11 XBCM18 3.198 3.5836 77.3166 9.3550 5.7230 13.1880 3.9800 466
XBCM11 XBCM19 3.1449 3.5666 109.313 11.2320 5.9750 13.1880 3.9800 310
XBCM11 XBCM21 3.1023 3.5837 87.9804 12.6200 6.4670 13.1880 3.9800 283
XBCM11 XBCM22 3.0979 3.5403 75.5495 13.2680 6.4770 13.1880 3.9800 277
XBCM11 XBCM23 3.1809 3.5559 78.7251 10.7930 6.3700 13.1880 3.9800 375
XBCM11 XBCM24 3.141 3.5528 33.6406 14.2880 6.5230 13.1880 3.9800 307
XBCM11 XBCM25 3.0961 3.5579 132.4412 11.8110 6.7600 13.1880 3.9800 344
XBCM11 XBCM26 3.0536 3.5176 52.5215 13.5480 7.2650 13.1880 3.9800 367
XBCM11 XBCM27 3.125 3.5531 74.4485 12.6670 7.3590 13.1880 3.9800 380
XBCM11 XBCM28 3.119 3.5505 39.4717 13.2370 8.4690 13.1880 3.9800 499
XBCM11 XBCM29 3.0884 3.5797 48.1865 13.3850 9.3470 13.1880 3.9800 597
XBCM11 XBCM30 3.0963 3.5783 66.799 13.9500 9.7570 13.1880 3.9800 648
XBCM11 XBCM31 3.0902 3.5764 39.732 15.2620 10.3270 13.1880 3.9800 742
XBCM11 XBCM32 3.1468 3.588 58.7579 14.3720 10.6190 13.1880 3.9800 749
XBCM12 XBCM13 3.2507 3.569 25.7683 9.4620 4.5880 11.6340 4.4810 241
XBCM12 XBCM14 3.2106 3.5701 71.742 14.3580 4.4220 11.6340 4.4810 302
XBCM12 XBCM15 3.2034 3.5647 79.7198 9.9330 5.0340 11.6340 4.4810 198
XBCM12 XBCM16 3.112 3.5586 88.2073 10.5720 5.4800 11.6340 4.4810 161
XBCM12 XBCM17 3.0964 2.4734 112.0194 12.3120 5.5460 11.6340 4.4810 140
XBCM12 XBCM18 3.1861 3.5884 97.1274 9.3550 5.7230 11.6340 4.4810 287
XBCM12 XBCM19 3.1986 3.5815 135.2798 11.2320 5.9750 11.6340 4.4810 172
XBCM12 XBCM20 3.0534 3.5191 61.5223 10.0540 6.2250 11.6340 4.4810 261
XBCM12 XBCM22 3.061 3.5811 55.0802 13.2680 6.4770 11.6340 4.4810 286
XBCM12 XBCM23 3.2091 3.5529 130.6353 10.7930 6.3700 11.6340 4.4810 229
XBCM12 XBCM24 3.0038 3.5798 36.4191 14.2880 6.5230 11.6340 4.4810 371
XBCM12 XBCM25 3.171 3.5589 71.2456 11.8110 6.7600 11.6340 4.4810 254
XBCM12 XBCM26 3.0785 3.563 69.2947 13.5480 7.2650 11.6340 4.4810 375
XBCM12 XBCM27 3.0839 3.5677 17.8496 12.6670 7.3590 11.6340 4.4810 339
XBCM12 XBCM28 3.1508 3.5967 46.6042 13.2370 8.4690 11.6340 4.4810 477
XBCM12 XBCM29 3.1675 3.5834 27.9461 13.3850 9.3470 11.6340 4.4810 574
XBCM12 XBCM30 3.156 3.5986 38.1858 13.9500 9.7570 11.6340 4.4810 640
XBCM12 XBCM31 3.1177 3.5963 29.3699 15.2620 10.3270 11.6340 4.4810 763
XBCM12 XBCM32 3.2195 3.9645 44.7604 14.3720 10.6190 11.6340 4.4810 746
XBCM13 XBCM14 3.1789 3.5856 21.7884 14.3580 4.4220 9.4620 4.5880 543
XBCM13 XBCM15 2.9068 3.776 38.1018 9.9330 5.0340 9.4620 4.5880 72
XBCM13 XBCM16 3.3994 3.6457 10.6043 10.5720 5.4800 9.4620 4.5880 158
XBCM13 XBCM17 3.1342 3.5927 14.2614 12.3120 5.5460 9.4620 4.5880 333
XBCM13 XBCM18 3.2309 3.7289 68.0637 9.3550 5.7230 9.4620 4.5880 126
XBCM13 XBCM19 3.2941 3.5695 12.6151 11.2320 5.9750 9.4620 4.5880 249
XBCM13 XBCM20 3.0721 3.5372 26.2101 10.0540 6.2250 9.4620 4.5880 193
XBCM13 XBCM21 3.1981 3.5973 9.0815 12.6200 6.4670 9.4620 4.5880 407
XBCM13 XBCM23 3.0437 3.5073 27.5675 10.7930 6.3700 9.4620 4.5880 246
XBCM13 XBCM24 3.2272 3.6137 6.6502 14.2880 6.5230 9.4620 4.5880 575
XBCM13 XBCM25 3.2496 3.5775 10.4954 11.8110 6.7600 9.4620 4.5880 354
XBCM13 XBCM26 3.2484 3.5849 12.7968 13.5480 7.2650 9.4620 4.5880 541
XBCM13 XBCM27 3.2455 3.554 14.5371 12.6670 7.3590 9.4620 4.5880 469
XBCM13 XBCM30 3.0855 3.5881 14.8985 13.9500 9.7570 9.4620 4.5880 758
XBCM13 XBCM32 3.1134 3.5832 12.379 14.3720 10.6190 9.4620 4.5880 861
XBCM14 XBCM15 3.2449 3.5777 62.1424 9.9330 5.0340 14.3580 4.4220 495
XBCM14 XBCM16 3.1895 3.5465 45.4882 10.5720 5.4800 14.3580 4.4220 435
XBCM14 XBCM17 3.0087 3.5473 72.7026 12.3120 5.5460 14.3580 4.4220 258
XBCM14 XBCM18 3.1408 3.56 62.9156 9.3550 5.7230 14.3580 4.4220 572
XBCM14 XBCM19 3.1366 3.5669 78.577 11.2320 5.9750 14.3580 4.4220 386
XBCM14 XBCM20 3.0696 3.5278 58.3289 10.0540 6.2250 14.3580 4.4220 517
XBCM14 XBCM21 3.0517 3.5117 93.3371 12.6200 6.4670 14.3580 4.4220 297
XBCM14 XBCM22 3.045 3.5081 103.3963 13.2680 6.4770 14.3580 4.4220 258
XBCM14 XBCM23 3.0899 3.5553 56.3852 10.7930 6.3700 14.3580 4.4220 450
XBCM14 XBCM24 3.1712 3.5669 52.5972 14.2880 6.5230 14.3580 4.4220 233
XBCM14 XBCM25 3.0636 3.534 61.9672 11.8110 6.7600 14.3580 4.4220 383
XBCM14 XBCM27 3.0479 3.5152 51.782 12.6670 7.3590 14.3580 4.4220 376
XBCM14 XBCM28 3.0745 3.5534 55.4019 13.2370 8.4690 14.3580 4.4220 466
XBCM14 XBCM29 3.038 3.5926 41.7973 13.3850 9.3470 14.3580 4.4220 558
XBCM14 XBCM30 3.0977 3.5696 49.8175 13.9500 9.7570 14.3580 4.4220 595
XBCM14 XBCM32 3.1355 3.5649 74.469 14.3720 10.6190 14.3580 4.4220 689
XBCM15 XBCM16 3.0363 3.6815 185.5391 10.5720 5.4800 9.9330 5.0340 86
XBCM15 XBCM17 3.0598 3.5355 36.6831 12.3120 5.5460 9.9330 5.0340 269
XBCM15 XBCM18 2.9125 3.5982 202.3622 9.3550 5.7230 9.9330 5.0340 99
XBCM15 XBCM19 3.3279 3.5904 63.997 11.2320 5.9750 9.9330 5.0340 177
XBCM15 XBCM20 3.1544 3.5626 85.3621 10.0540 6.2250 9.9330 5.0340 133
XBCM15 XBCM21 3.227 3.5527 32.8873 12.6200 6.4670 9.9330 5.0340 337
XBCM15 XBCM22 3.1748 3.5515 47.6031 13.2680 6.4770 9.9330 5.0340 402
XBCM15 XBCM23 2.994 3.4601 57.2292 10.7930 6.3700 9.9330 5.0340 176
XBCM15 XBCM25 3.2154 3.5676 24.8347 11.8110 6.7600 9.9330 5.0340 282
XBCM15 XBCM26 3.2199 3.58 25.63 13.5480 7.2650 9.9330 5.0340 470
XBCM15 XBCM28 3.0891 3.5258 37.6215 13.2370 8.4690 9.9330 5.0340 528
XBCM15 XBCM29 3.0877 3.5404 30.8137 13.3850 9.3470 9.9330 5.0340 612
XBCM15 XBCM30 3.1593 3.5533 39.4437 13.9500 9.7570 9.9330 5.0340 687
XBCM15 XBCM31 3.1408 3.5855 25.6013 15.2620 10.3270 9.9330 5.0340 831
XBCM15 XBCM32 3.1479 3.56 26.8 14.3720 10.6190 9.9330 5.0340 790
XBCM16 XBCM17 3.1072 3.4954 55.1323 12.3120 5.5460 10.5720 5.4800 192
XBCM16 XBCM18 3.1734 3.5391 99.024 9.3550 5.7230 10.5720 5.4800 137
XBCM16 XBCM19 2.8852 3.6343 109.0261 11.2320 5.9750 10.5720 5.4800 91
XBCM16 XBCM20 2.7971 3.5421 99.1279 10.0540 6.2250 10.5720 5.4800 100
XBCM16 XBCM21 3.3334 3.558 42.9968 12.6200 6.4670 10.5720 5.4800 251
XBCM16 XBCM23 2.818 2.1808 75.5489 10.7930 6.3700 10.5720 5.4800 101
XBCM16 XBCM24 2.9735 3.5337 11.4643 14.2880 6.5230 10.5720 5.4800 427
XBCM16 XBCM25 3.2157 3.558 40.1972 11.8110 6.7600 10.5720 5.4800 197
XBCM16 XBCM26 3.1979 3.6076 33.8229 13.5480 7.2650 10.5720 5.4800 384
XBCM16 XBCM27 3.1024 3.5003 14.0579 12.6670 7.3590 10.5720 5.4800 311
XBCM16 XBCM29 3.1059 3.5439 30.2171 13.3850 9.3470 10.5720 5.4800 530
XBCM16 XBCM30 3.0545 3.5501 37.7635 13.9500 9.7570 10.5720 5.4800 604
XBCM16 XBCM31 3.1548 3.5806 22.7691 15.2620 10.3270 10.5720 5.4800 746
XBCM16 XBCM32 3.1137 3.5733 25.036 14.3720 10.6190 10.5720 5.4800 708
XBCM17 XBCM18 3.1846 3.5489 91.5297 9.3550 5.7230 12.3120 5.5460 327
XBCM17 XBCM19 2.9978 2.3627 195.4183 11.2320 5.9750 12.3120 5.5460 128
XBCM17 XBCM20 3.2092 3.4935 57.0839 10.0540 6.2250 12.3120 5.5460 260
XBCM17 XBCM21 2.6677 3.555 78.9559 12.6200 6.4670 12.3120 5.5460 107
XBCM17 XBCM22 3.0411 3.5419 73.1748 13.2680 6.4770 12.3120 5.5460 148
XBCM17 XBCM23 3.1403 3.494 96.1574 10.7930 6.3700 12.3120 5.5460 191
XBCM17 XBCM24 3.0127 3.5221 28.3368 14.2880 6.5230 12.3120 5.5460 244
XBCM17 XBCM25 2.9509 2.4586 134.2028 11.8110 6.7600 12.3120 5.5460 145
XBCM17 XBCM26 3.0974 3.5471 72.3422 13.5480 7.2650 12.3120 5.5460 234
XBCM17 XBCM27 3.1036 3.5599 51.9102 12.6670 7.3590 12.3120 5.5460 205
XBCM17 XBCM28 3.056 3.5486 51.9207 13.2370 8.4690 12.3120 5.5460 340
XBCM17 XBCM29 3.1205 3.5591 47.4911 13.3850 9.3470 12.3120 5.5460 439
XBCM17 XBCM30 3.0932 3.6027 41.8412 13.9500 9.7570 12.3120 5.5460 501
XBCM17 XBCM31 3.1549 3.6104 35.2281 15.2620 10.3270 12.3120 5.5460 623
XBCM17 XBCM32 3.1518 3.6202 37.6906 14.3720 10.6190 12.3120 5.5460 608
XBCM18 XBCM20 2.9561 2.1792 74.6323 10.0540 6.2250 9.3550 5.7230 95
XBCM18 XBCM21 3.0301 3.4797 39.5952 12.6200 6.4670 9.3550 5.7230 370
XBCM18 XBCM23 3.0137 3.4585 48.4681 10.7930 6.3700 9.3550 5.7230 174
XBCM18 XBCM24 3.0999 3.5402 48.4699 14.2880 6.5230 9.3550 5.7230 552
XBCM18 XBCM25 3.1618 3.482 58.2804 11.8110 6.7600 9.3550 5.7230 295
XBCM18 XBCM26 3.1372 3.518 60.3741 13.5480 7.2650 9.3550 5.7230 494
XBCM18 XBCM27 3.1127 3.4979 31.5166 12.6670 7.3590 9.3550 5.7230 408
XBCM18 XBCM31 3.0993 3.5503 15.0555 15.2620 10.3270 9.3550 5.7230 827
XBCM19 XBCM20 2.995 3.4133 86.5122 10.0540 6.2250 11.2320 5.9750 133
XBCM19 XBCM22 3.1641 3.5565 30.4287 13.2680 6.4770 11.2320 5.9750 231
XBCM19 XBCM23 2.6661 3.5415 304.7603 10.7930 6.3700 11.2320 5.9750 65
XBCM19 XBCM25 2.965 2.2385 57.1597 11.8110 6.7600 11.2320 5.9750 108
XBCM19 XBCM27 3.1363 3.6092 14.0021 12.6670 7.3590 11.2320 5.9750 220
XBCM19 XBCM28 3.1732 3.5391 41.9044 13.2370 8.4690 11.2320 5.9750 354
XBCM19 XBCM29 3.0985 3.5598 44.5555 13.3850 9.3470 11.2320 5.9750 443
XBCM19 XBCM30 3.066 3.5581 31.9286 13.9500 9.7570 11.2320 5.9750 516
XBCM19 XBCM32 3.1239 3.5796 31.7272 14.3720 10.6190 11.2320 5.9750 621
XBCM20 XBCM21 3.0771 3.4935 61.1134 12.6200 6.4670 10.0540 6.2250 284
XBCM20 XBCM22 3.1033 3.5129 88.3955 13.2680 6.4770 10.0540 6.2250 356
XBCM20 XBCM23 2.9466 3.3877 89.8145 10.7930 6.3700 10.0540 6.2250 83
XBCM20 XBCM24 3.1019 3.5257 21.3962 14.2880 6.5230 10.0540 6.2250 469
XBCM20 XBCM25 3.1021 3.4902 54.8863 11.8110 6.7600 10.0540 6.2250 203
XBCM20 XBCM27 3.0984 3.4465 24.1514 12.6670 7.3590 10.0540 6.2250 314
XBCM20 XBCM28 3.1391 3.5639 30.9258 13.2370 8.4690 10.0540 6.2250 430
XBCM20 XBCM29 3.1203 3.6162 16.3642 13.3850 9.3470 10.0540 6.2250 505
XBCM20 XBCM30 3.2245 3.6291 16.5588 13.9500 9.7570 10.0540 6.2250 581
XBCM20 XBCM31 3.2431 3.6052 17.478 15.2620 10.3270 10.0540 6.2250 732
XBCM21 XBCM22 3.03 3.4913 285.7393 13.2680 6.4770 12.6200 6.4670 71
XBCM21 XBCM23 3.2721 3.5278 82.8504 10.7930 6.3700 12.6200 6.4670 202
XBCM21 XBCM24 3.1665 3.5322 50.5371 14.2880 6.5230 12.6200 6.4670 184
XBCM21 XBCM25 2.9522 3.5729 109.4937 11.8110 6.7600 12.6200 6.4670 95
XBCM21 XBCM26 2.9159 2.4349 73.5311 13.5480 7.2650 12.6200 6.4670 135
XBCM21 XBCM27 2.9954 3.5627 69.3111 12.6670 7.3590 12.6200 6.4670 99
XBCM21 XBCM28 3.2844 3.5879 66.768 13.2370 8.4690 12.6200 6.4670 232
XBCM21 XBCM29 3.0895 3.6112 46.8204 13.3850 9.3470 12.6200 6.4670 331
XBCM21 XBCM30 3.231 3.6254 68.8366 13.9500 9.7570 12.6200 6.4670 394
XBCM21 XBCM31 3.1447 3.6071 31.4555 15.2620 10.3270 12.6200 6.4670 518
XBCM22 XBCM23 3.1635 3.5256 62.073 10.7930 6.3700 13.2680 6.4770 273
XBCM22 XBCM24 3.1826 3.4996 111.9683 14.2880 6.5230 13.2680 6.4770 112
XBCM22 XBCM25 3.2196 3.5232 84.2334 11.8110 6.7600 13.2680 6.4770 164
XBCM22 XBCM27 2.8148 3.5474 65.7738 12.6670 7.3590 13.2680 6.4770 118
XBCM22 XBCM28 3.2471 3.5951 130.9559 13.2370 8.4690 13.2680 6.4770 221
XBCM22 XBCM29 3.1955 3.5727 39.8657 13.3850 9.3470 13.2680 6.4770 319
XBCM22 XBCM31 3.2661 3.6115 50.6665 15.2620 10.3270 13.2680 6.4770 481
XBCM22 XBCM32 3.2145 3.5913 37.1884 14.3720 10.6190 13.2680 6.4770 476
XBCM23 XBCM24 3.1767 3.54 15.5252 14.2880 6.5230 10.7930 6.3700 386
XBCM23 XBCM25 2.8684 3.5151 64.47 11.8110 6.7600 10.7930 6.3700 120
XBCM23 XBCM26 3.025 3.4833 32.8791 13.5480 7.2650 10.7930 6.3700 320
XBCM23 XBCM27 3.0144 3.4541 20.7637 12.6670 7.3590 10.7930 6.3700 234
XBCM23 XBCM28 3.122 3.5305 25.8966 13.2370 8.4690 10.7930 6.3700 356
XBCM23 XBCM29 3.0939 3.5381 36.4121 13.3850 9.3470 10.7930 6.3700 437
XBCM23 XBCM30 3.1008 3.5513 43.8683 13.9500 9.7570 10.7930 6.3700 512
XBCM23 XBCM31 3.1931 3.5895 25.3411 15.2620 10.3270 10.7930 6.3700 659
XBCM23 XBCM32 3.1065 3.5677 24.9706 14.3720 10.6190 10.7930 6.3700 615
XBCM24 XBCM25 3.1713 3.5241 25.9109 11.8110 6.7600 14.2880 6.5230 274
XBCM24 XBCM26 2.7861 3.5448 151.3547 13.5480 7.2650 14.2880 6.5230 116
XBCM24 XBCM27 3.1285 3.4865 52.4187 12.6670 7.3590 14.2880 6.5230 201
XBCM24 XBCM28 3.0902 3.4986 103.915 13.2370 8.4690 14.2880 6.5230 245
XBCM24 XBCM31 3.0754 3.5741 21.4652 15.2620 10.3270 14.2880 6.5230 436
XBCM24 XBCM32 3.1503 3.5623 64.8781 14.3720 10.6190 14.2880 6.5230 455
XBCM25 XBCM26 3.1104 3.5387 42.7396 13.5480 7.2650 11.8110 6.7600 199
XBCM25 XBCM29 3.0637 3.5615 39.2181 13.3850 9.3470 11.8110 6.7600 335
XBCM25 XBCM31 3.1257 3.5826 35.7766 15.2620 10.3270 11.8110 6.7600 549
XBCM25 XBCM32 3.1177 3.6056 35.082 14.3720 10.6190 11.8110 6.7600 513
XBCM26 XBCM27 2.9508 3.4797 35.2066 12.6670 7.3590 13.5480 7.2650 97
XBCM26 XBCM28 3.1155 3.5629 164.4616 13.2370 8.4690 13.5480 7.2650 138
XBCM26 XBCM29 3.115 3.6043 93.0512 13.3850 9.3470 13.5480 7.2650 232
XBCM26 XBCM30 3.1004 3.615 85.0152 13.9500 9.7570 13.5480 7.2650 280
XBCM26 XBCM31 3.2382 3.6372 33.5055 15.2620 10.3270 13.5480 7.2650 389
XBCM26 XBCM32 3.202 3.6595 69.4845 14.3720 10.6190 13.5480 7.2650 383
XBCM27 XBCM28 3.055 2.4322 74.8726 13.2370 8.4690 12.6670 7.3590 138
XBCM27 XBCM29 3.1366 3.596 28.1633 13.3850 9.3470 12.6670 7.3590 234
XBCM27 XBCM31 3.1631 3.6257 18.903 15.2620 10.3270 12.6670 7.3590 436
XBCM27 XBCM32 3.2138 3.6642 23.397 14.3720 10.6190 12.6670 7.3590 408
XBCM28 XBCM29 2.9635 3.6758 148.6416 13.3850 9.3470 13.2370 8.4690 99
XBCM28 XBCM30 3.2198 3.6401 50.6002 13.9500 9.7570 13.2370 8.4690 163
XBCM28 XBCM31 3.1276 3.6432 29.9573 15.2620 10.3270 13.2370 8.4690 303
XBCM28 XBCM32 3.1838 3.6193 32.7474 14.3720 10.6190 13.2370 8.4690 269
XBCM29 XBCM30 2.8839 3.7414 257.7573 13.9500 9.7570 13.3850 9.3470 76
XBCM29 XBCM31 3.1614 3.6363 28.1718 15.2620 10.3270 13.3850 9.3470 232
XBCM29 XBCM32 3.2365 3.7124 47.6164 14.3720 10.6190 13.3850 9.3470 178
XBCM30 XBCM31 3.2132 3.6688 74.1798 15.2620 10.3270 13.9500 9.7570 157
XBCM30 XBCM32 3.0152 3.6272 77.7076 14.3720 10.6190 13.9500 9.7570 106
XBCM31 XBCM32 3.1862 3.6262 67.5897 14.3720 10.6190 15.2620 10.3270 102
