XBCM01 XBCM02 3.2713 3.6642 44.0421 13.2890 2.6980 9.8340 2.3890 385
XBCM01 XBCM03 3.2292 3.6251 35.5612 15.0340 3.5190 9.8340 2.3890 591
XBCM01 XBCM04 3.3354 3.6527 75.3138 11.9590 2.9790 9.8340 2.3890 245
XBCM01 XBCM05 2.4258 3.8369 238.5626 9.9140 2.9420 9.8340 2.3890 62
XBCM01 XBCM06 3.3151 3.6069 93.716 11.2680 2.3850 9.8340 2.3890 159
XBCM01 XBCM07 3.1291 3.6025 26.1709 11.4560 3.8700 9.8340 2.3890 244
XBCM01 XBCM10 3.1528 3.615 62.6191 10.6190 4.2230 9.8340 2.3890 221
XBCM01 XBCM12 3.3152 3.6551 35.9917 11.6340 4.4810 9.8340 2.3890 306
XBCM01 XBCM13 2.8291 3.5439 35.4175 9.4620 4.5880 9.8340 2.3890 248
XBCM01 XBCM14 3.266 3.6242 37.4988 14.3580 4.4220 9.8340 2.3890 550
XBCM01 XBCM15 3.1783 3.6141 53.8063 9.9330 5.0340 9.8340 2.3890 294
XBCM01 XBCM17 3.3098 3.6251 35.179 12.3120 5.5460 9.8340 2.3890 445
XBCM01 XBCM18 3.0046 3.5825 92.1546 9.3550 5.7230 9.8340 2.3890 374
XBCM01 XBCM19 3.17 3.6082 34.9277 11.2320 5.9750 9.8340 2.3890 427
XBCM01 XBCM20 3.2012 3.6054 36.0314 10.0540 6.2250 9.8340 2.3890 427
XBCM01 XBCM21 3.2624 3.2314 41.2433 12.6200 6.4670 9.8340 2.3890 548
XBCM01 XBCM22 3.0605 3.5993 32.3555 13.2680 6.4770 9.8340 2.3890 593
XBCM01 XBCM23 3.2887 3.6173 47.7633 10.7930 6.3700 9.8340 2.3890 455
XBCM01 XBCM25 3.1549 3.6147 31.7482 11.8110 6.7600 9.8340 2.3890 533
XBCM01 XBCM26 3.1311 3.6163 23.1953 13.5480 7.2650 9.8340 2.3890 680
XBCM01 XBCM27 3.2492 3.6026 21.5267 12.6670 7.3590 9.8340 2.3890 635
XBCM01 XBCM28 3.1668 3.6067 29.7481 13.2370 8.4690 9.8340 2.3890 774
XBCM01 XBCM29 3.2247 3.6306 32.1919 13.3850 9.3470 9.8340 2.3890 867
XBCM01 XBCM30 3.2012 3.6311 21.394 13.9500 9.7570 9.8340 2.3890 937
XBCM01 XBCM31 3.2097 3.6189 29.5863 15.2620 10.3270 9.8340 2.3890 1067
XBCM01 XBCM32 3.1381 3.6334 15.6773 14.3720 10.6190 9.8340 2.3890 1043
XBCM02 XBCM04 3.2339 3.6041 68.8779 11.9590 2.9790 13.2890 2.6980 151
XBCM02 XBCM05 3.2414 3.6287 55.7588 9.9140 2.9420 13.2890 2.6980 375
XBCM02 XBCM06 3.2369 3.6274 61.3249 11.2680 2.3850 13.2890 2.6980 227
XBCM02 XBCM07 3.2659 3.6583 105.0735 11.4560 3.8700 13.2890 2.6980 241
XBCM02 XBCM09 3.1294 3.6151 33.059 9.3280 4.2340 13.2890 2.6980 471
XBCM02 XBCM10 3.2692 3.6913 47.2765 10.6190 4.2230 13.2890 2.6980 341
XBCM02 XBCM11 3.1537 3.6786 46.8922 13.1880 3.9800 13.2890 2.6980 143
XBCM02 XBCM13 3.1556 3.6475 16.5052 9.4620 4.5880 13.2890 2.6980 473
XBCM02 XBCM14 3.2882 3.6036 44.7244 14.3580 4.4220 13.2890 2.6980 225
XBCM02 XBCM15 3.2415 3.6348 40.348 9.9330 5.0340 13.2890 2.6980 454
XBCM02 XBCM16 3.1525 3.6105 49.7774 10.5720 5.4800 13.2890 2.6980 431
XBCM02 XBCM17 3.1992 3.618 43.7308 12.3120 5.5460 13.2890 2.6980 334
XBCM02 XBCM18 3.2198 3.6506 49.4666 9.3550 5.7230 13.2890 2.6980 551
XBCM02 XBCM19 3.2226 3.6109 45.7493 11.2320 5.9750 13.2890 2.6980 429
XBCM02 XBCM20 3.1498 3.5728 45.7452 10.0540 6.2250 13.2890 2.6980 531
XBCM02 XBCM21 3.3332 3.658 52.6342 12.6200 6.4670 13.2890 2.6980 425
XBCM02 XBCM23 3.1749 3.5976 38.8691 10.7930 6.3700 13.2890 2.6980 493
XBCM02 XBCM24 3.2087 3.5631 22.5602 14.2880 6.5230 13.2890 2.6980 439
XBCM02 XBCM25 3.1694 3.6045 43.736 11.8110 6.7600 13.2890 2.6980 480
XBCM02 XBCM26 3.1491 3.5945 49.9915 13.5480 7.2650 13.2890 2.6980 508
XBCM02 XBCM27 3.1023 3.6171 21.2823 12.6670 7.3590 13.2890 2.6980 523
XBCM02 XBCM28 3.1736 3.6061 35.65 13.2370 8.4690 13.2890 2.6980 641
XBCM02 XBCM29 3.0798 3.6256 22.7533 13.3850 9.3470 13.2890 2.6980 739
XBCM02 XBCM30 3.1372 3.6201 30.4369 13.9500 9.7570 13.2890 2.6980 788
XBCM02 XBCM32 3.1177 3.6094 20.3124 14.3720 10.6190 13.2890 2.6980 889
XBCM03 XBCM04 3.2754 3.6592 35.4494 11.9590 2.9790 15.0340 3.5190 346
XBCM03 XBCM05 3.2594 3.6455 21.6089 9.9140 2.9420 15.0340 3.5190 572
XBCM03 XBCM06 3.2652 3.648 40.5941 11.2680 2.3850 15.0340 3.5190 436
XBCM03 XBCM07 3.2387 3.5995 60.4224 11.4560 3.8700 15.0340 3.5190 399
XBCM03 XBCM09 3.1132 3.6015 31.4988 9.3280 4.2340 15.0340 3.5190 638
XBCM03 XBCM10 3.2066 3.614 58.9433 10.6190 4.2230 15.0340 3.5190 496
XBCM03 XBCM11 3.3172 3.6068 84.4695 13.1880 3.9800 15.0340 3.5190 211
XBCM03 XBCM12 3.1963 3.5849 50.7635 11.6340 4.4810 15.0340 3.5190 392
XBCM03 XBCM13 3.2612 3.6285 23.8588 9.4620 4.5880 15.0340 3.5190 629
XBCM03 XBCM14 2.9549 3.6568 77.5074 14.3580 4.4220 15.0340 3.5190 125
XBCM03 XBCM15 3.2474 3.5969 49.8953 9.9330 5.0340 15.0340 3.5190 590
XBCM03 XBCM17 3.0481 3.6163 49.5867 12.3120 5.5460 15.0340 3.5190 376
XBCM03 XBCM18 3.1582 3.6007 51.5 9.3550 5.7230 15.0340 3.5190 675
XBCM03 XBCM19 3.1098 3.6025 51.5238 11.2320 5.9750 15.0340 3.5190 502
XBCM03 XBCM20 3.1101 3.586 44.9549 10.0540 6.2250 15.0340 3.5190 628
XBCM03 XBCM21 3.1082 3.5781 51.3423 12.6200 6.4670 15.0340 3.5190 423
XBCM03 XBCM22 3.1319 3.5505 50.8326 13.2680 6.4770 15.0340 3.5190 382
XBCM03 XBCM23 3.154 3.5942 50.2021 10.7930 6.3700 15.0340 3.5190 566
XBCM03 XBCM24 3.1042 3.5955 51.5475 14.2880 6.5230 15.0340 3.5190 344
XBCM03 XBCM25 3.161 3.5917 54.9115 11.8110 6.7600 15.0340 3.5190 507
XBCM03 XBCM26 3.1126 3.5363 49.7352 13.5480 7.2650 15.0340 3.5190 447
XBCM03 XBCM27 3.0841 3.5683 48.335 12.6670 7.3590 15.0340 3.5190 501
XBCM03 XBCM28 3.0756 3.581 48.4273 13.2370 8.4690 15.0340 3.5190 585
XBCM03 XBCM29 3.0663 3.615 35.3733 13.3850 9.3470 15.0340 3.5190 673
XBCM03 XBCM30 3.1603 3.6043 37.0373 13.9500 9.7570 15.0340 3.5190 704
XBCM03 XBCM31 3.1739 3.6174 36.8195 15.2620 10.3270 15.0340 3.5190 757
XBCM03 XBCM32 3.1051 3.5835 45.5447 14.3720 10.6190 15.0340 3.5190 793
XBCM04 XBCM05 3.2237 3.6167 82.9541 9.9140 2.9420 11.9590 2.9790 227
XBCM04 XBCM06 2.8766 3.6725 80.0499 11.2680 2.3850 11.9590 2.9790 101
XBCM04 XBCM07 2.9653 3.694 84.6119 11.4560 3.8700 11.9590 2.9790 113
XBCM04 XBCM08 3.1022 3.6972 8.9612 9.8630 3.9090 11.9590 2.9790 254
XBCM04 XBCM10 3.1217 3.6426 75.4806 10.6190 4.2230 11.9590 2.9790 203
XBCM04 XBCM11 3.0956 3.6409 56.4363 13.1880 3.9800 11.9590 2.9790 176
XBCM04 XBCM12 3.2719 3.6259 123.671 11.6340 4.4810 11.9590 2.9790 170
XBCM04 XBCM13 3.1554 3.0397 31.8591 9.4620 4.5880 11.9590 2.9790 329
XBCM04 XBCM15 3.192 3.5922 85.9231 9.9330 5.0340 11.9590 2.9790 320
XBCM04 XBCM16 3.1993 3.611 56.1008 10.5720 5.4800 11.9590 2.9790 317
XBCM04 XBCM17 3.2862 3.6552 71.7693 12.3120 5.5460 11.9590 2.9790 288
XBCM04 XBCM18 3.2153 3.6124 53.4337 9.3550 5.7230 11.9590 2.9790 420
XBCM04 XBCM19 3.2629 3.63 68.9165 11.2320 5.9750 11.9590 2.9790 342
XBCM04 XBCM20 3.1915 3.5805 64.8747 10.0540 6.2250 11.9590 2.9790 418
XBCM04 XBCM21 3.0991 3.6631 37.104 12.6200 6.4670 11.9590 2.9790 394
XBCM04 XBCM23 3.2413 3.6081 60.3868 10.7930 6.3700 11.9590 2.9790 398
XBCM04 XBCM24 3.0789 3.5908 31.0383 14.2880 6.5230 11.9590 2.9790 471
XBCM04 XBCM25 3.1966 3.6053 61.0586 11.8110 6.7600 11.9590 2.9790 420
XBCM04 XBCM26 3.2583 3.6451 36.9594 13.5480 7.2650 11.9590 2.9790 508
XBCM04 XBCM27 3.1565 3.6214 23.1824 12.6670 7.3590 11.9590 2.9790 493
XBCM04 XBCM28 3.1411 3.6119 21.8832 13.2370 8.4690 11.9590 2.9790 626
XBCM04 XBCM29 3.1944 3.622 34.3057 13.3850 9.3470 11.9590 2.9790 725
XBCM04 XBCM30 3.204 3.6227 25.9742 13.9500 9.7570 11.9590 2.9790 785
XBCM04 XBCM31 3.1885 3.6328 21.1867 15.2620 10.3270 11.9590 2.9790 894
XBCM05 XBCM06 3.307 3.6932 97.7338 11.2680 2.3850 9.9140 2.9420 162
XBCM05 XBCM07 3.0848 3.6051 53.3724 11.4560 3.8700 9.9140 2.9420 199
XBCM05 XBCM08 2.6413 2.2049 26.8944 9.8630 3.9090 9.9140 2.9420 107
XBCM05 XBCM09 2.8912 3.4788 78.6442 9.3280 4.2340 9.9140 2.9420 157
XBCM05 XBCM10 2.9615 3.6544 63.3315 10.6190 4.2230 9.9140 2.9420 162
XBCM05 XBCM11 3.1898 3.6327 40.0434 13.1880 3.9800 9.9140 2.9420 381
XBCM05 XBCM12 3.2237 3.6713 54.9961 11.6340 4.4810 9.9140 2.9420 256
XBCM05 XBCM13 2.8751 3.5478 51.7729 9.4620 4.5880 9.9140 2.9420 189
XBCM05 XBCM14 3.1568 3.6135 37.3956 14.3580 4.4220 9.9140 2.9420 520
XBCM05 XBCM15 3.1075 3.6366 62.5025 9.9330 5.0340 9.9140 2.9420 232
XBCM05 XBCM16 3.2344 3.6451 48.0356 10.5720 5.4800 9.9140 2.9420 291
XBCM05 XBCM17 3.1622 3.6462 39.8579 12.3120 5.5460 9.9140 2.9420 393
XBCM05 XBCM18 3.0021 3.6078 54.9722 9.3550 5.7230 9.9140 2.9420 315
XBCM05 XBCM19 3.1749 3.6119 63.0501 11.2320 5.9750 9.9140 2.9420 367
XBCM05 XBCM20 3.2748 3.6302 46.8633 10.0540 6.2250 9.9140 2.9420 365
XBCM05 XBCM21 3.2103 3.6466 30.5276 12.6200 6.4670 9.9140 2.9420 493
XBCM05 XBCM22 3.1312 3.6246 31.487 13.2680 6.4770 9.9140 2.9420 541
XBCM05 XBCM23 3.1488 3.6385 34.5146 10.7930 6.3700 9.9140 2.9420 393
XBCM05 XBCM24 3.1609 3.6299 15.2428 14.2880 6.5230 9.9140 2.9420 627
XBCM05 XBCM25 3.2209 3.6323 30.1846 11.8110 6.7600 9.9140 2.9420 473
XBCM05 XBCM26 3.0618 3.6238 20.4345 13.5480 7.2650 9.9140 2.9420 627
XBCM05 XBCM27 3.2656 3.5903 17.427 12.6670 7.3590 9.9140 2.9420 578
XBCM05 XBCM28 3.1914 3.6068 24.2609 13.2370 8.4690 9.9140 2.9420 716
XBCM05 XBCM29 3.1537 3.6185 26.24 13.3850 9.3470 9.9140 2.9420 809
XBCM05 XBCM30 3.1485 3.6417 22.1461 13.9500 9.7570 9.9140 2.9420 879
XBCM05 XBCM31 3.2108 3.6229 20.3074 15.2620 10.3270 9.9140 2.9420 1011
XBCM05 XBCM32 3.1428 3.6451 19.3733 14.3720 10.6190 9.9140 2.9420 985
XBCM06 XBCM07 3.2189 3.6297 119.3961 11.4560 3.8700 11.2680 2.3850 166
XBCM06 XBCM08 2.9663 2.8081 11.5684 9.8630 3.9090 11.2680 2.3850 230
XBCM06 XBCM09 3.0545 3.573 55.8768 9.3280 4.2340 11.2680 2.3850 297
XBCM06 XBCM10 3.235 3.6317 103.3354 10.6190 4.2230 11.2680 2.3850 216
XBCM06 XBCM11 3.2192 3.6218 65.9646 13.1880 3.9800 11.2680 2.3850 277
XBCM06 XBCM12 3.2181 3.6367 110.6384 11.6340 4.4810 11.2680 2.3850 236
XBCM06 XBCM13 3.1291 3.5741 52.4875 9.4620 4.5880 11.2680 2.3850 316
XBCM06 XBCM14 3.2293 3.6409 46.9715 14.3580 4.4220 11.2680 2.3850 411
XBCM06 XBCM15 3.2936 3.6159 89.7687 9.9330 5.0340 11.2680 2.3850 329
XBCM06 XBCM16 3.21 3.0068 37.232 10.5720 5.4800 11.2680 2.3850 352
XBCM06 XBCM17 3.2022 3.6269 68.4133 12.3120 5.5460 11.2680 2.3850 370
XBCM06 XBCM18 3.2557 3.6327 145.0359 9.3550 5.7230 11.2680 2.3850 427
XBCM06 XBCM19 3.2402 3.6205 71.7643 11.2320 5.9750 11.2680 2.3850 399
XBCM06 XBCM20 3.2 3.5855 80.2922 10.0540 6.2250 11.2680 2.3850 447
XBCM06 XBCM21 3.181 3.6221 39.6844 12.6200 6.4670 11.2680 2.3850 478
XBCM06 XBCM22 3.13 3.6308 60.8165 13.2680 6.4770 11.2680 2.3850 506
XBCM06 XBCM23 3.1848 3.5914 79.8488 10.7930 6.3700 11.2680 2.3850 446
XBCM06 XBCM24 3.1818 3.6054 36.0674 14.2880 6.5230 11.2680 2.3850 569
XBCM06 XBCM25 3.2373 3.6238 51.1425 11.8110 6.7600 11.2680 2.3850 490
XBCM06 XBCM26 3.2403 3.6151 44.753 13.5480 7.2650 11.2680 2.3850 598
XBCM06 XBCM27 3.1643 3.6233 22.59 12.6670 7.3590 11.2680 2.3850 574
XBCM06 XBCM28 3.1284 3.6107 36.0651 13.2370 8.4690 11.2680 2.3850 710
XBCM06 XBCM29 3.2227 3.6267 34.99 13.3850 9.3470 11.2680 2.3850 808
XBCM06 XBCM30 3.1893 3.64 36.9805 13.9500 9.7570 11.2680 2.3850 871
XBCM06 XBCM31 3.1876 3.63 31.8231 15.2620 10.3270 11.2680 2.3850 987
XBCM07 XBCM08 3.1878 3.6821 7.8783 9.8630 3.9090 11.4560 3.8700 176
XBCM07 XBCM09 3.137 3.5832 81.9961 9.3280 4.2340 11.4560 3.8700 239
XBCM07 XBCM10 3.1164 3.6953 141.8559 10.6190 4.2230 11.4560 3.8700 100
XBCM07 XBCM11 3.2649 3.5525 84.2394 13.1880 3.9800 11.4560 3.8700 192
XBCM07 XBCM12 2.6376 3.8171 192.1365 11.6340 4.4810 11.4560 3.8700 70
XBCM07 XBCM13 3.2486 3.6658 28.6002 9.4620 4.5880 11.4560 3.8700 235
XBCM07 XBCM14 3.1979 3.6166 73.4498 14.3580 4.4220 11.4560 3.8700 327
XBCM07 XBCM15 3.131 3.6225 94.6277 9.9330 5.0340 11.4560 3.8700 212
XBCM07 XBCM16 3.2182 3.5835 70.2757 10.5720 5.4800 11.4560 3.8700 204
XBCM07 XBCM18 3.1063 3.6249 89.1816 9.3550 5.7230 11.4560 3.8700 310
XBCM07 XBCM19 3.2054 3.6136 68.2177 11.2320 5.9750 11.4560 3.8700 235
XBCM07 XBCM20 3.155 3.552 76.8165 10.0540 6.2250 11.4560 3.8700 304
XBCM07 XBCM21 3.1093 3.5813 68.7577 12.6200 6.4670 11.4560 3.8700 316
XBCM07 XBCM22 3.0741 3.6242 44.6164 13.2680 6.4770 11.4560 3.8700 352
XBCM07 XBCM23 3.1736 3.5787 106.6479 10.7930 6.3700 11.4560 3.8700 287
XBCM07 XBCM24 3.134 3.6316 41.9905 14.2880 6.5230 11.4560 3.8700 430
XBCM07 XBCM25 3.3077 3.6127 82.8032 11.8110 6.7600 11.4560 3.8700 323
XBCM07 XBCM26 3.2067 3.6026 54.3223 13.5480 7.2650 11.4560 3.8700 442
XBCM07 XBCM27 3.1711 3.5897 19.5256 12.6670 7.3590 11.4560 3.8700 410
XBCM07 XBCM28 3.1129 3.6149 14.1203 13.2370 8.4690 11.4560 3.8700 548
XBCM07 XBCM29 3.1598 3.6116 47.2348 13.3850 9.3470 11.4560 3.8700 645
XBCM07 XBCM30 3.2053 3.6294 41.8714 13.9500 9.7570 11.4560 3.8700 710
XBCM07 XBCM31 3.1498 3.6298 30.3765 15.2620 10.3270 11.4560 3.8700 831
XBCM07 XBCM32 3.2613 3.652 38.7778 14.3720 10.6190 11.4560 3.8700 816
XBCM08 XBCM10 3.0236 3.6147 87.3251 10.6190 4.2230 9.8630 3.9090 90
XBCM08 XBCM11 3.229 3.6201 6.7753 13.1880 3.9800 9.8630 3.9090 369
XBCM08 XBCM12 3.1684 3.6502 11.906 11.6340 4.4810 9.8630 3.9090 206
XBCM08 XBCM14 3.2525 3.6356 10.6614 14.3580 4.4220 9.8630 3.9090 501
XBCM08 XBCM15 3.1882 3.7529 32.5131 9.9330 5.0340 9.8630 3.9090 125
XBCM08 XBCM16 2.9956 3.6629 7.973 10.5720 5.4800 9.8630 3.9090 191
XBCM08 XBCM17 3.1374 3.5842 4.5231 12.3120 5.5460 9.8630 3.9090 326
XBCM08 XBCM18 3.0159 2.6971 10.0475 9.3550 5.7230 9.8630 3.9090 209
XBCM08 XBCM19 3.4442 3.6192 9.5026 11.2320 5.9750 9.8630 3.9090 275
XBCM08 XBCM20 3.3338 3.5877 10.0231 10.0540 6.2250 9.8630 3.9090 258
XBCM08 XBCM21 3.1275 3.6104 4.4052 12.6200 6.4670 9.8630 3.9090 417
XBCM08 XBCM22 3.0427 3.6277 6.4138 13.2680 6.4770 9.8630 3.9090 473
XBCM08 XBCM23 3.1542 3.5795 6.8512 10.7930 6.3700 9.8630 3.9090 292
XBCM08 XBCM25 3.1567 3.6472 6.5977 11.8110 6.7600 9.8630 3.9090 383
XBCM08 XBCM26 3.068 3.604 6.6551 13.5480 7.2650 9.8630 3.9090 552
XBCM08 XBCM31 3.1758 3.6164 7.0791 15.2620 10.3270 9.8630 3.9090 929
XBCM09 XBCM10 2.9953 3.4641 49.9923 10.6190 4.2230 9.3280 4.2340 143
XBCM09 XBCM11 3.1105 3.5942 37.2476 13.1880 3.9800 9.3280 4.2340 429
XBCM09 XBCM12 3.1927 3.6072 46.999 11.6340 4.4810 9.3280 4.2340 257
XBCM09 XBCM13 2.6683 4.139 73.1285 9.4620 4.5880 9.3280 4.2340 42
XBCM09 XBCM14 3.236 3.6366 22.279 14.3580 4.4220 9.3280 4.2340 558
XBCM09 XBCM15 2.9369 3.5954 26.2903 9.9330 5.0340 9.3280 4.2340 111
XBCM09 XBCM16 3.2513 3.5905 24.5603 10.5720 5.4800 9.3280 4.2340 195
XBCM09 XBCM17 3.2692 3.6059 31.2483 12.3120 5.5460 9.3280 4.2340 361
XBCM09 XBCM18 3.1348 3.7039 93.9066 9.3550 5.7230 9.3280 4.2340 165
XBCM09 XBCM19 3.3022 3.5862 30.3536 11.2320 5.9750 9.3280 4.2340 286
XBCM09 XBCM21 3.3183 3.6045 24.7502 12.6200 6.4670 9.3280 4.2340 441
XBCM09 XBCM22 3.2033 3.5953 18.391 13.2680 6.4770 9.3280 4.2340 502
XBCM09 XBCM23 3.0934 3.5692 52.1175 10.7930 6.3700 9.3280 4.2340 287
XBCM09 XBCM24 3.1779 3.6001 36.3683 14.2880 6.5230 9.3280 4.2340 605
XBCM09 XBCM25 3.1453 3.5427 23.6967 11.8110 6.7600 9.3280 4.2340 393
XBCM09 XBCM26 3.3356 3.5981 23.2689 13.5480 7.2650 9.3280 4.2340 575
XBCM09 XBCM27 3.1422 3.5564 7.5889 12.6670 7.3590 9.3280 4.2340 507
XBCM09 XBCM28 3.1463 3.5537 31.8594 13.2370 8.4690 9.3280 4.2340 639
XBCM09 XBCM29 3.1919 3.5894 30.7398 13.3850 9.3470 9.3280 4.2340 723
XBCM09 XBCM30 3.1473 3.5927 34.9302 13.9500 9.7570 9.3280 4.2340 798
XBCM09 XBCM32 3.1463 3.6066 20.1094 14.3720 10.6190 9.3280 4.2340 901
XBCM10 XBCM11 3.204 3.6053 77.1377 13.1880 3.9800 10.6190 4.2230 286
XBCM10 XBCM12 3.0553 3.5742 106.253 11.6340 4.4810 10.6190 4.2230 116
XBCM10 XBCM13 3.2676 3.6819 37.3343 9.4620 4.5880 10.6190 4.2230 134
XBCM10 XBCM14 3.1486 3.6192 55.2708 14.3580 4.4220 10.6190 4.2230 415
XBCM10 XBCM15 2.9261 2.2984 81.0243 9.9330 5.0340 10.6190 4.2230 117
XBCM10 XBCM16 3.3512 3.564 115.4662 10.5720 5.4800 10.6190 4.2230 139
XBCM10 XBCM17 3.1727 3.6174 59.9093 12.3120 5.5460 10.6190 4.2230 238
XBCM10 XBCM18 3.1419 3.6248 85.6506 9.3550 5.7230 10.6190 4.2230 217
XBCM10 XBCM19 3.2616 3.6545 68.395 11.2320 5.9750 10.6190 4.2230 206
XBCM10 XBCM20 3.1587 3.5566 116.4275 10.0540 6.2250 10.6190 4.2230 231
XBCM10 XBCM21 3.1691 3.6402 46.5581 12.6200 6.4670 10.6190 4.2230 333
XBCM10 XBCM22 3.0852 3.6079 47.3557 13.2680 6.4770 10.6190 4.2230 385
XBCM10 XBCM23 3.2385 3.5541 85.4084 10.7930 6.3700 10.6190 4.2230 239
XBCM10 XBCM25 3.1507 3.6135 53.4906 11.8110 6.7600 10.6190 4.2230 311
XBCM10 XBCM26 3.1115 3.591 37.951 13.5480 7.2650 10.6190 4.2230 468
XBCM10 XBCM27 3.2573 3.5988 15.4689 12.6670 7.3590 10.6190 4.2230 415
XBCM10 XBCM28 3.1629 3.594 23.8516 13.2370 8.4690 10.6190 4.2230 553
XBCM10 XBCM29 3.1829 3.6122 23.6367 13.3850 9.3470 10.6190 4.2230 646
XBCM10 XBCM30 3.203 3.626 41.3906 13.9500 9.7570 10.6190 4.2230 716
XBCM10 XBCM31 3.2194 3.6372 32.5417 15.2620 10.3270 10.6190 4.2230 850
XBCM10 XBCM32 3.2054 3.6398 18.8415 14.3720 10.6190 10.6190 4.2230 822
XBCM11 XBCM12 3.1464 3.6006 74.9716 11.6340 4.4810 13.1880 3.9800 181
XBCM11 XBCM13 3.217 3.6153 27.6742 9.4620 4.5880 13.1880 3.9800 418
XBCM11 XBCM14 3.2227 3.6251 121.7101 14.3580 4.4220 13.1880 3.9800 138
XBCM11 XBCM15 3.3416 3.6107 90.0489 9.9330 5.0340 13.1880 3.9800 379
XBCM11 XBCM16 3.1046 3.6078 41.0255 10.5720 5.4800 13.1880 3.9800 334
XBCM11 XBCM17 3.1045 3.5789 67.491 12.3120 5.5460 13.1880 3.9800 199
XBCM11 XBCM18 3.1942 3.6081 73.0966 9.3550 5.7230 13.1880 3.9800 466
XBCM11 XBCM19 3.1436 3.5937 83.9744 11.2320 5.9750 13.1880 3.9800 310
XBCM11 XBCM21 3.1117 3.615 76.1474 12.6200 6.4670 13.1880 3.9800 283
XBCM11 XBCM22 3.1354 3.5689 69.8825 13.2680 6.4770 13.1880 3.9800 277
XBCM11 XBCM23 3.1892 3.5794 66.8003 10.7930 6.3700 13.1880 3.9800 375
XBCM11 XBCM24 3.1407 3.5789 35.6095 14.2880 6.5230 13.1880 3.9800 307
XBCM11 XBCM25 3.1245 3.588 125.235 11.8110 6.7600 13.1880 3.9800 344
XBCM11 XBCM26 3.052 3.548 46.0837 13.5480 7.2650 13.1880 3.9800 367
XBCM11 XBCM27 3.1375 3.5806 72.2063 12.6670 7.3590 13.1880 3.9800 380
XBCM11 XBCM28 3.1433 3.5781 35.2739 13.2370 8.4690 13.1880 3.9800 499
XBCM11 XBCM29 3.1142 3.6117 39.9834 13.3850 9.3470 13.1880 3.9800 597
XBCM11 XBCM30 3.1253 3.6095 57.0894 13.9500 9.7570 13.1880 3.9800 648
XBCM11 XBCM31 3.1169 3.608 36.8093 15.2620 10.3270 13.1880 3.9800 742
XBCM11 XBCM32 3.1674 3.6161 53.8255 14.3720 10.6190 13.1880 3.9800 749
XBCM12 XBCM13 3.2916 3.5887 26.2926 9.4620 4.5880 11.6340 4.4810 241
XBCM12 XBCM14 3.2206 3.593 76.4581 14.3580 4.4220 11.6340 4.4810 302
XBCM12 XBCM15 3.2357 3.5877 91.1481 9.9330 5.0340 11.6340 4.4810 198
XBCM12 XBCM16 3.151 3.5886 77.5154 10.5720 5.4800 11.6340 4.4810 161
XBCM12 XBCM17 3.1241 2.446 100.7948 12.3120 5.5460 11.6340 4.4810 140
XBCM12 XBCM18 3.2206 3.6142 86.7925 9.3550 5.7230 11.6340 4.4810 287
XBCM12 XBCM19 3.2334 3.6063 119.39 11.2320 5.9750 11.6340 4.4810 172
XBCM12 XBCM20 3.0518 3.5494 52.4229 10.0540 6.2250 11.6340 4.4810 261
XBCM12 XBCM22 3.0338 3.6158 49.2336 13.2680 6.4770 11.6340 4.4810 286
XBCM12 XBCM23 3.2428 3.5744 108.8896 10.7930 6.3700 11.6340 4.4810 229
XBCM12 XBCM24 3.0048 3.6188 36.3411 14.2880 6.5230 11.6340 4.4810 371
XBCM12 XBCM25 3.1729 3.5836 68.6042 11.8110 6.7600 11.6340 4.4810 254
XBCM12 XBCM26 3.0857 3.5948 63.9018 13.5480 7.2650 11.6340 4.4810 375
XBCM12 XBCM27 3.1086 3.5995 16.1326 12.6670 7.3590 11.6340 4.4810 339
XBCM12 XBCM28 3.1958 3.6252 46.6323 13.2370 8.4690 11.6340 4.4810 477
XBCM12 XBCM29 3.2066 3.6097 27.212 13.3850 9.3470 11.6340 4.4810 574
XBCM12 XBCM30 3.2099 3.6266 39.7489 13.9500 9.7570 11.6340 4.4810 640
XBCM12 XBCM31 3.1549 3.627 24.0822 15.2620 10.3270 11.6340 4.4810 763
XBCM12 XBCM32 3.2501 4.0157 37.8911 14.3720 10.6190 11.6340 4.4810 746
XBCM13 XBCM14 3.1915 3.6114 23.4149 14.3580 4.4220 9.4620 4.5880 543
XBCM13 XBCM15 2.9256 3.8399 38.1834 9.9330 5.0340 9.4620 4.5880 72
XBCM13 XBCM16 3.5041 3.6598 7.9847 10.5720 5.4800 9.4620 4.5880 158
XBCM13 XBCM17 3.1593 3.623 15.132 12.3120 5.5460 9.4620 4.5880 333
XBCM13 XBCM18 3.2768 3.7622 59.6748 9.3550 5.7230 9.4620 4.5880 126
XBCM13 XBCM19 3.2908 3.5853 11.9837 11.2320 5.9750 9.4620 4.5880 249
XBCM13 XBCM20 3.0593 3.5669 24.2598 10.0540 6.2250 9.4620 4.5880 193
XBCM13 XBCM21 3.2489 3.6229 10.4698 12.6200 6.4670 9.4620 4.5880 407
XBCM13 XBCM23 3.0821 3.5377 26.003 10.7930 6.3700 9.4620 4.5880 246
XBCM13 XBCM24 3.2423 3.6383 9.7871 14.2880 6.5230 9.4620 4.5880 575
XBCM13 XBCM25 3.2963 3.5985 11.8984 11.8110 6.7600 9.4620 4.5880 354
XBCM13 XBCM26 3.2893 3.6057 13.5743 13.5480 7.2650 9.4620 4.5880 541
XBCM13 XBCM27 3.2313 3.5728 11.7834 12.6670 7.3590 9.4620 4.5880 469
XBCM13 XBCM30 3.1498 3.6198 13.8493 13.9500 9.7570 9.4620 4.5880 758
XBCM13 XBCM32 3.1553 3.613 10.4185 14.3720 10.6190 9.4620 4.5880 861
XBCM14 XBCM15 3.2323 3.5984 69.015 9.9330 5.0340 14.3580 4.4220 495
XBCM14 XBCM16 3.2022 3.5685 48.5899 10.5720 5.4800 14.3580 4.4220 435
XBCM14 XBCM17 3.0199 3.5835 68.6146 12.3120 5.5460 14.3580 4.4220 258
XBCM14 XBCM18 3.1921 3.5866 67.8111 9.3550 5.7230 14.3580 4.4220 572
XBCM14 XBCM19 3.1732 3.5942 77.8209 11.2320 5.9750 14.3580 4.4220 386
XBCM14 XBCM20 3.0676 3.5577 59.7738 10.0540 6.2250 14.3580 4.4220 517
XBCM14 XBCM21 3.0837 3.5417 71.5553 12.6200 6.4670 14.3580 4.4220 297
XBCM14 XBCM22 3.0758 3.5383 89.1797 13.2680 6.4770 14.3580 4.4220 258
XBCM14 XBCM23 3.1313 3.5854 54.8731 10.7930 6.3700 14.3580 4.4220 450
XBCM14 XBCM24 3.1979 3.5921 53.2787 14.2880 6.5230 14.3580 4.4220 233
XBCM14 XBCM25 3.0673 3.5645 52.3774 11.8110 6.7600 14.3580 4.4220 383
XBCM14 XBCM27 3.0721 3.5456 51.6356 12.6670 7.3590 14.3580 4.4220 376
XBCM14 XBCM28 3.0952 3.5844 46.7945 13.2370 8.4690 14.3580 4.4220 466
XBCM14 XBCM29 3.0941 3.629 37.815 13.3850 9.3470 14.3580 4.4220 558
XBCM14 XBCM30 3.1137 3.6001 43.8716 13.9500 9.7570 14.3580 4.4220 595
XBCM14 XBCM32 3.1396 3.5924 57.5431 14.3720 10.6190 14.3580 4.4220 689
XBCM15 XBCM16 3.0515 3.7261 191.3702 10.5720 5.4800 9.9330 5.0340 86
XBCM15 XBCM17 3.0541 3.5671 39.8327 12.3120 5.5460 9.9330 5.0340 269
XBCM15 XBCM18 2.9073 3.6459 235.8735 9.3550 5.7230 9.9330 5.0340 99
XBCM15 XBCM19 3.3274 3.6062 63.3724 11.2320 5.9750 9.9330 5.0340 177
XBCM15 XBCM20 3.1929 3.5891 80.5371 10.0540 6.2250 9.9330 5.0340 133
XBCM15 XBCM21 3.256 3.5732 38.6766 12.6200 6.4670 9.9330 5.0340 337
XBCM15 XBCM22 3.197 3.5756 51.4615 13.2680 6.4770 9.9330 5.0340 402
XBCM15 XBCM23 2.9912 3.4912 66.2349 10.7930 6.3700 9.9330 5.0340 176
XBCM15 XBCM25 3.2284 3.5901 25.5121 11.8110 6.7600 9.9330 5.0340 282
XBCM15 XBCM26 3.2424 3.6032 26.8308 13.5480 7.2650 9.9330 5.0340 470
XBCM15 XBCM28 3.0992 3.5538 36.7018 13.2370 8.4690 9.9330 5.0340 528
XBCM15 XBCM29 3.1305 3.5692 32.0105 13.3850 9.3470 9.9330 5.0340 612
XBCM15 XBCM30 3.2051 3.5778 38.9616 13.9500 9.7570 9.9330 5.0340 687
XBCM15 XBCM31 3.1699 3.6138 24.0863 15.2620 10.3270 9.9330 5.0340 831
XBCM15 XBCM32 3.1897 3.5859 27.3368 14.3720 10.6190 9.9330 5.0340 790
XBCM16 XBCM17 3.1006 3.5207 52.5005 12.3120 5.5460 10.5720 5.4800 192
XBCM16 XBCM18 3.2071 3.5627 104.2407 9.3550 5.7230 10.5720 5.4800 137
XBCM16 XBCM19 2.8854 3.6868 179.1121 11.2320 5.9750 10.5720 5.4800 91
XBCM16 XBCM20 2.7873 3.5955 107.7729 10.0540 6.2250 10.5720 5.4800 100
XBCM16 XBCM21 3.3446 3.5715 43.346 12.6200 6.4670 10.5720 5.4800 251
XBCM16 XBCM23 2.7993 2.1532 124.3509 10.7930 6.3700 10.5720 5.4800 101
XBCM16 XBCM24 2.9903 3.5716 10.4561 14.2880 6.5230 10.5720 5.4800 427
XBCM16 XBCM25 3.2607 3.5805 40.4744 11.8110 6.7600 10.5720 5.4800 197
XBCM16 XBCM26 3.2563 3.6337 29.7252 13.5480 7.2650 10.5720 5.4800 384
XBCM16 XBCM27 3.0999 3.526 14.5063 12.6670 7.3590 10.5720 5.4800 311
XBCM16 XBCM29 3.1414 3.5721 28.7354 13.3850 9.3470 10.5720 5.4800 530
XBCM16 XBCM30 3.0728 3.5826 36.2602 13.9500 9.7570 10.5720 5.4800 604
XBCM16 XBCM31 3.1853 3.6076 23.4168 15.2620 10.3270 10.5720 5.4800 746
XBCM16 XBCM32 3.1507 3.6028 23.6855 14.3720 10.6190 10.5720 5.4800 708
XBCM17 XBCM18 3.2179 3.5719 97.7087 9.3550 5.7230 12.3120 5.5460 327
XBCM17 XBCM19 2.9771 2.3348 172.9818 11.2320 5.9750 12.3120 5.5460 128
XBCM17 XBCM20 3.222 3.5108 61.5038 10.0540 6.2250 12.3120 5.5460 260
XBCM17 XBCM21 2.7591 3.6235 75.6435 12.6200 6.4670 12.3120 5.5460 107
XBCM17 XBCM22 3.0542 3.5747 90.1206 13.2680 6.4770 12.3120 5.5460 148
XBCM17 XBCM23 3.1697 3.5169 97.1043 10.7930 6.3700 12.3120 5.5460 191
XBCM17 XBCM24 3.0195 3.5563 27.4549 14.2880 6.5230 12.3120 5.5460 244
XBCM17 XBCM25 2.9301 2.4358 100.6064 11.8110 6.7600 12.3120 5.5460 145
XBCM17 XBCM26 3.0934 3.576 81.8886 13.5480 7.2650 12.3120 5.5460 234
XBCM17 XBCM27 3.1062 3.5894 47.0664 12.6670 7.3590 12.3120 5.5460 205
XBCM17 XBCM28 3.0771 3.5812 45.1853 13.2370 8.4690 12.3120 5.5460 340
XBCM17 XBCM29 3.1262 3.5872 41.2754 13.3850 9.3470 12.3120 5.5460 439
XBCM17 XBCM30 3.1211 3.636 36.1689 13.9500 9.7570 12.3120 5.5460 501
XBCM17 XBCM31 3.1912 3.6395 39.9043 15.2620 10.3270 12.3120 5.5460 623
XBCM17 XBCM32 3.1776 3.6502 36.6652 14.3720 10.6190 12.3120 5.5460 608
XBCM18 XBCM20 2.9659 2.1478 89.7704 10.0540 6.2250 9.3550 5.7230 95
XBCM18 XBCM21 3.0416 3.5093 35.0854 12.6200 6.4670 9.3550 5.7230 370
XBCM18 XBCM23 3.0341 3.4883 43.4912 10.7930 6.3700 9.3550 5.7230 174
XBCM18 XBCM24 3.1387 3.5686 58.4438 14.2880 6.5230 9.3550 5.7230 552
XBCM18 XBCM25 3.1733 3.502 48.4796 11.8110 6.7600 9.3550 5.7230 295
XBCM18 XBCM26 3.1463 3.5421 60.737 13.5480 7.2650 9.3550 5.7230 494
XBCM18 XBCM27 3.1227 3.5222 28.6701 12.6670 7.3590 9.3550 5.7230 408
XBCM18 XBCM31 3.0986 3.5795 15.2533 15.2620 10.3270 9.3550 5.7230 827
XBCM19 XBCM20 2.9858 3.44 103.4392 10.0540 6.2250 11.2320 5.9750 133
XBCM19 XBCM22 3.1478 3.5812 36.5859 13.2680 6.4770 11.2320 5.9750 231
XBCM19 XBCM23 2.6327 3.6059 272.6174 10.7930 6.3700 11.2320 5.9750 65
XBCM19 XBCM25 2.979 2.2077 49.3125 11.8110 6.7600 11.2320 5.9750 108
XBCM19 XBCM27 3.222 3.6409 15.5705 12.6670 7.3590 11.2320 5.9750 220
XBCM19 XBCM28 3.1814 3.5619 35.5427 13.2370 8.4690 11.2320 5.9750 354
XBCM19 XBCM29 3.1326 3.5898 45.5322 13.3850 9.3470 11.2320 5.9750 443
XBCM19 XBCM30 3.0791 3.5904 33.4623 13.9500 9.7570 11.2320 5.9750 516
XBCM19 XBCM32 3.1498 3.6088 28.7846 14.3720 10.6190 11.2320 5.9750 621
XBCM20 XBCM21 3.0876 3.5205 67.4256 12.6200 6.4670 10.0540 6.2250 284
XBCM20 XBCM22 3.1175 3.5393 77.2651 13.2680 6.4770 10.0540 6.2250 356
XBCM20 XBCM23 2.8784 3.4129 125.6871 10.7930 6.3700 10.0540 6.2250 83
XBCM20 XBCM24 3.1182 3.5529 21.8818 14.2880 6.5230 10.0540 6.2250 469
XBCM20 XBCM25 3.1176 3.5146 45.7663 11.8110 6.7600 10.0540 6.2250 203
XBCM20 XBCM27 3.0931 3.4685 25.0405 12.6670 7.3590 10.0540 6.2250 314
XBCM20 XBCM28 3.2308 3.5902 33.8662 13.2370 8.4690 10.0540 6.2250 430
XBCM20 XBCM29 3.2092 3.6474 19.8461 13.3850 9.3470 10.0540 6.2250 505
XBCM20 XBCM30 3.3121 3.6537 19.7172 13.9500 9.7570 10.0540 6.2250 581
XBCM20 XBCM31 3.2855 3.6276 19.047 15.2620 10.3270 10.0540 6.2250 732
XBCM21 XBCM22 2.9488 3.514 312.5314 13.2680 6.4770 12.6200 6.4670 71
XBCM21 XBCM23 3.2759 3.543 81.667 10.7930 6.3700 12.6200 6.4670 202
XBCM21 XBCM24 3.1608 3.5551 50.1566 14.2880 6.5230 12.6200 6.4670 184
XBCM21 XBCM25 2.9777 3.6159 133.4755 11.8110 6.7600 12.6200 6.4670 95
XBCM21 XBCM26 2.9232 2.4127 59.1777 13.5480 7.2650 12.6200 6.4670 135
XBCM21 XBCM27 2.8777 3.5985 111.0787 12.6670 7.3590 12.6200 6.4670 99
XBCM21 XBCM28 3.3222 3.6062 67.4155 13.2370 8.4690 12.6200 6.4670 232
XBCM21 XBCM29 3.1248 3.6457 53.4853 13.3850 9.3470 12.6200 6.4670 331
XBCM21 XBCM30 3.3135 3.649 67.503 13.9500 9.7570 12.6200 6.4670 394
XBCM21 XBCM31 3.1536 3.6371 31.4802 15.2620 10.3270 12.6200 6.4670 518
XBCM22 XBCM23 3.1796 3.5487 69.8802 10.7930 6.3700 13.2680 6.4770 273
XBCM22 XBCM24 3.1578 3.5178 94.5119 14.2880 6.5230 13.2680 6.4770 112
XBCM22 XBCM25 3.2219 3.5412 90.4496 11.8110 6.7600 13.2680 6.4770 164
XBCM22 XBCM27 2.8193 3.5996 61.196 12.6670 7.3590 13.2680 6.4770 118
XBCM22 XBCM28 3.2626 3.6169 117.55 13.2370 8.4690 13.2680 6.4770 221
XBCM22 XBCM29 3.2234 3.5968 36.5208 13.3850 9.3470 13.2680 6.4770 319
XBCM22 XBCM31 3.2648 3.6331 49.0924 15.2620 10.3270 13.2680 6.4770 481
XBCM22 XBCM32 3.2484 3.6152 33.4397 14.3720 10.6190 13.2680 6.4770 476
XBCM23 XBCM24 3.1811 3.5634 28.2649 14.2880 6.5230 10.7930 6.3700 386
XBCM23 XBCM25 2.9527 3.561 83.0547 11.8110 6.7600 10.7930 6.3700 120
XBCM23 XBCM26 3.0302 3.5132 31.6676 13.5480 7.2650 10.7930 6.3700 320
XBCM23 XBCM27 3.0107 3.4828 23.5458 12.6670 7.3590 10.7930 6.3700 234
XBCM23 XBCM28 3.1579 3.557 27.9436 13.2370 8.4690 10.7930 6.3700 356
XBCM23 XBCM29 3.0899 3.5667 42.2158 13.3850 9.3470 10.7930 6.3700 437
XBCM23 XBCM30 3.0968 3.5804 43.742 13.9500 9.7570 10.7930 6.3700 512
XBCM23 XBCM31 3.2082 3.6146 26.4816 15.2620 10.3270 10.7930 6.3700 659
XBCM23 XBCM32 3.1092 3.5976 21.7753 14.3720 10.6190 10.7930 6.3700 615
XBCM24 XBCM25 3.2359 3.5463 31.7249 11.8110 6.7600 14.2880 6.5230 274
XBCM24 XBCM26 2.7812 3.6001 138.0572 13.5480 7.2650 14.2880 6.5230 116
XBCM24 XBCM27 3.1311 3.5088 47.1666 12.6670 7.3590 14.2880 6.5230 201
XBCM24 XBCM28 3.127 3.5251 88.4398 13.2370 8.4690 14.2880 6.5230 245
XBCM24 XBCM31 3.1128 3.6072 24.9807 15.2620 10.3270 14.2880 6.5230 436
XBCM24 XBCM32 3.1566 3.5886 60.8663 14.3720 10.6190 14.2880 6.5230 455
XBCM25 XBCM26 3.1134 3.566 49.2705 13.5480 7.2650 11.8110 6.7600 199
XBCM25 XBCM29 3.0786 3.5945 35.1918 13.3850 9.3470 11.8110 6.7600 335
XBCM25 XBCM31 3.1539 3.612 41.7209 15.2620 10.3270 11.8110 6.7600 549
XBCM25 XBCM32 3.1691 3.6371 38.1214 14.3720 10.6190 11.8110 6.7600 513
XBCM26 XBCM27 2.9329 3.5139 64.2469 12.6670 7.3590 13.5480 7.2650 97
XBCM26 XBCM28 3.1668 3.5919 93.5785 13.2370 8.4690 13.5480 7.2650 138
XBCM26 XBCM29 3.1691 3.6364 79.2081 13.3850 9.3470 13.5480 7.2650 232
XBCM26 XBCM30 3.1303 3.6491 80.6683 13.9500 9.7570 13.5480 7.2650 280
XBCM26 XBCM31 3.2564 3.6626 35.9484 15.2620 10.3270 13.5480 7.2650 389
XBCM26 XBCM32 3.2681 3.6887 57.5754 14.3720 10.6190 13.5480 7.2650 383
XBCM27 XBCM28 2.9825 2.4045 78.9171 13.2370 8.4690 12.6670 7.3590 138
XBCM27 XBCM29 3.1724 3.6262 28.9111 13.3850 9.3470 12.6670 7.3590 234
XBCM27 XBCM31 3.1934 3.6557 19.0142 15.2620 10.3270 12.6670 7.3590 436
XBCM27 XBCM32 3.2611 3.6933 24.4265 14.3720 10.6190 12.6670 7.3590 408
XBCM28 XBCM29 2.9893 3.7267 249.904 13.3850 9.3470 13.2370 8.4690 99
XBCM28 XBCM30 3.2477 3.6673 68.1994 13.9500 9.7570 13.2370 8.4690 163
XBCM28 XBCM31 3.1779 3.6774 29.9336 15.2620 10.3270 13.2370 8.4690 303
XBCM28 XBCM32 3.1998 3.6475 34.755 14.3720 10.6190 13.2370 8.4690 269
XBCM29 XBCM30 2.8597 3.8018 260.1316 13.9500 9.7570 13.3850 9.3470 76
XBCM29 XBCM31 3.1686 3.6676 27.2687 15.2620 10.3270 13.3850 9.3470 232
XBCM29 XBCM32 3.3462 3.7443 49.5633 14.3720 10.6190 13.3850 9.3470 178
XBCM30 XBCM31 3.2354 3.6986 83.6126 15.2620 10.3270 13.9500 9.7570 157
XBCM30 XBCM32 3.0294 3.6683 111.3208 14.3720 10.6190 13.9500 9.7570 106
XBCM31 XBCM32 3.1655 3.6529 133.4882 14.3720 10.6190 15.2620 10.3270 102
