XBCM01 XBCM02 3.3364 3.7339 51.9624 13.2890 2.6980 9.8340 2.3890 385
XBCM01 XBCM03 3.2237 3.6985 47.0188 15.0340 3.5190 9.8340 2.3890 591
XBCM01 XBCM04 3.302 3.7085 76.686 11.9590 2.9790 9.8340 2.3890 245
XBCM01 XBCM05 2.3859 4.2239 152.7242 9.9140 2.9420 9.8340 2.3890 62
XBCM01 XBCM06 3.2416 3.6606 106.4695 11.2680 2.3850 9.8340 2.3890 159
XBCM01 XBCM07 3.1483 3.6919 31.0614 11.4560 3.8700 9.8340 2.3890 244
XBCM01 XBCM10 3.2728 3.6966 52.0436 10.6190 4.2230 9.8340 2.3890 221
XBCM01 XBCM12 3.3339 3.7143 39.1765 11.6340 4.4810 9.8340 2.3890 306
XBCM01 XBCM13 3.261 3.6532 29.8297 9.4620 4.5880 9.8340 2.3890 248
XBCM01 XBCM14 3.2429 3.6885 32.499 14.3580 4.4220 9.8340 2.3890 550
XBCM01 XBCM15 3.3845 3.6829 71.2616 9.9330 5.0340 9.8340 2.3890 294
XBCM01 XBCM17 3.2828 3.6824 28.3612 12.3120 5.5460 9.8340 2.3890 445
XBCM01 XBCM18 3.1378 3.6884 78.8057 9.3550 5.7230 9.8340 2.3890 374
XBCM01 XBCM19 3.2617 3.685 29.7758 11.2320 5.9750 9.8340 2.3890 427
XBCM01 XBCM20 3.2409 3.6767 32.9665 10.0540 6.2250 9.8340 2.3890 427
XBCM01 XBCM21 3.3525 3.222 30.6315 12.6200 6.4670 9.8340 2.3890 548
XBCM01 XBCM22 3.1351 3.6987 21.8177 13.2680 6.4770 9.8340 2.3890 593
XBCM01 XBCM23 3.3871 3.6683 54.4045 10.7930 6.3700 9.8340 2.3890 455
XBCM01 XBCM25 3.2275 3.6966 37.5633 11.8110 6.7600 9.8340 2.3890 533
XBCM01 XBCM26 3.244 3.7015 24.0576 13.5480 7.2650 9.8340 2.3890 680
XBCM01 XBCM27 3.2262 3.6676 15.3762 12.6670 7.3590 9.8340 2.3890 635
XBCM01 XBCM28 3.2252 3.6856 14.5975 13.2370 8.4690 9.8340 2.3890 774
XBCM01 XBCM29 3.3268 3.6966 30.0168 13.3850 9.3470 9.8340 2.3890 867
XBCM01 XBCM30 3.3127 3.7026 22.9014 13.9500 9.7570 9.8340 2.3890 937
XBCM01 XBCM31 3.2279 3.6922 15.915 15.2620 10.3270 9.8340 2.3890 1067
XBCM01 XBCM32 3.2735 3.717 19.6988 14.3720 10.6190 9.8340 2.3890 1043
XBCM02 XBCM04 3.2648 3.6683 64.2485 11.9590 2.9790 13.2890 2.6980 151
XBCM02 XBCM05 3.251 3.6995 51.7591 9.9140 2.9420 13.2890 2.6980 375
XBCM02 XBCM06 3.2251 3.6999 71.8549 11.2680 2.3850 13.2890 2.6980 227
XBCM02 XBCM07 3.2548 3.7301 68.5652 11.4560 3.8700 13.2890 2.6980 241
XBCM02 XBCM09 3.2318 3.7004 35.9628 9.3280 4.2340 13.2890 2.6980 471
XBCM02 XBCM10 3.3274 3.7642 38.6869 10.6190 4.2230 13.2890 2.6980 341
XBCM02 XBCM13 3.2241 3.7362 17.7054 9.4620 4.5880 13.2890 2.6980 473
XBCM02 XBCM14 3.2463 3.66 50.8996 14.3580 4.4220 13.2890 2.6980 225
XBCM02 XBCM15 3.2763 3.7039 22.2123 9.9330 5.0340 13.2890 2.6980 454
XBCM02 XBCM16 3.1408 3.6964 20.4918 10.5720 5.4800 13.2890 2.6980 431
XBCM02 XBCM17 3.2284 3.6934 38.5435 12.3120 5.5460 13.2890 2.6980 334
XBCM02 XBCM18 3.2763 3.7256 37.77 9.3550 5.7230 13.2890 2.6980 551
XBCM02 XBCM19 3.2453 3.6808 31.093 11.2320 5.9750 13.2890 2.6980 429
XBCM02 XBCM20 3.1908 3.6488 25.7637 10.0540 6.2250 13.2890 2.6980 531
XBCM02 XBCM21 3.3277 3.7164 38.9799 12.6200 6.4670 13.2890 2.6980 425
XBCM02 XBCM23 3.2604 3.6707 26.3305 10.7930 6.3700 13.2890 2.6980 493
XBCM02 XBCM24 3.1935 3.6266 17.8905 14.2880 6.5230 13.2890 2.6980 439
XBCM02 XBCM25 3.2516 3.6804 30.7205 11.8110 6.7600 13.2890 2.6980 480
XBCM02 XBCM26 3.2253 3.6714 28.9081 13.5480 7.2650 13.2890 2.6980 508
XBCM02 XBCM27 3.1713 3.7107 12.993 12.6670 7.3590 13.2890 2.6980 523
XBCM02 XBCM28 3.2464 3.6791 25.2126 13.2370 8.4690 13.2890 2.6980 641
XBCM02 XBCM29 3.1926 3.7212 21.0338 13.3850 9.3470 13.2890 2.6980 739
XBCM02 XBCM30 3.1828 3.7076 25.3038 13.9500 9.7570 13.2890 2.6980 788
XBCM02 XBCM32 3.1603 3.6988 17.8108 14.3720 10.6190 13.2890 2.6980 889
XBCM03 XBCM04 3.2937 3.7272 36.5745 11.9590 2.9790 15.0340 3.5190 346
XBCM03 XBCM05 3.2901 3.7137 29.244 9.9140 2.9420 15.0340 3.5190 572
XBCM03 XBCM06 3.2784 3.7163 43.2948 11.2680 2.3850 15.0340 3.5190 436
XBCM03 XBCM07 3.269 3.6624 61.6321 11.4560 3.8700 15.0340 3.5190 399
XBCM03 XBCM09 3.2179 3.6862 21.5369 9.3280 4.2340 15.0340 3.5190 638
XBCM03 XBCM10 3.2471 3.6859 61.5274 10.6190 4.2230 15.0340 3.5190 496
XBCM03 XBCM11 3.3096 3.6564 71.9737 13.1880 3.9800 15.0340 3.5190 211
XBCM03 XBCM12 3.1626 3.6598 38.0679 11.6340 4.4810 15.0340 3.5190 392
XBCM03 XBCM13 3.3256 3.6906 19.2308 9.4620 4.5880 15.0340 3.5190 629
XBCM03 XBCM14 2.9794 3.8006 78.9409 14.3580 4.4220 15.0340 3.5190 125
XBCM03 XBCM15 3.2626 3.6592 48.326 9.9330 5.0340 15.0340 3.5190 590
XBCM03 XBCM17 3.1234 3.7226 33.9234 12.3120 5.5460 15.0340 3.5190 376
XBCM03 XBCM18 3.1825 3.6824 32.8832 9.3550 5.7230 15.0340 3.5190 675
XBCM03 XBCM19 3.1791 3.6926 37.4808 11.2320 5.9750 15.0340 3.5190 502
XBCM03 XBCM20 3.1951 3.6707 37.7962 10.0540 6.2250 15.0340 3.5190 628
XBCM03 XBCM21 3.1965 3.6609 25.5562 12.6200 6.4670 15.0340 3.5190 423
XBCM03 XBCM22 3.2209 3.6235 22.0749 13.2680 6.4770 15.0340 3.5190 382
XBCM03 XBCM23 3.2025 3.6728 35.0857 10.7930 6.3700 15.0340 3.5190 566
XBCM03 XBCM24 3.1477 3.6866 22.4689 14.2880 6.5230 15.0340 3.5190 344
XBCM03 XBCM25 3.2271 3.6664 29.7576 11.8110 6.7600 15.0340 3.5190 507
XBCM03 XBCM26 3.1731 3.6105 15.4506 13.5480 7.2650 15.0340 3.5190 447
XBCM03 XBCM27 3.1852 3.6535 45.1113 12.6670 7.3590 15.0340 3.5190 501
XBCM03 XBCM28 3.1961 3.6685 19.3979 13.2370 8.4690 15.0340 3.5190 585
XBCM03 XBCM29 3.2252 3.7081 24.6293 13.3850 9.3470 15.0340 3.5190 673
XBCM03 XBCM30 3.2317 3.6823 33.9492 13.9500 9.7570 15.0340 3.5190 704
XBCM03 XBCM31 3.2597 3.6932 25.1043 15.2620 10.3270 15.0340 3.5190 757
XBCM03 XBCM32 3.2108 3.6656 52.3461 14.3720 10.6190 15.0340 3.5190 793
XBCM04 XBCM05 3.2171 3.6896 77.3066 9.9140 2.9420 11.9590 2.9790 227
XBCM04 XBCM06 2.8052 3.8432 181.7105 11.2680 2.3850 11.9590 2.9790 101
XBCM04 XBCM07 2.9101 3.848 182.8742 11.4560 3.8700 11.9590 2.9790 113
XBCM04 XBCM08 3.1244 3.817 10.2906 9.8630 3.9090 11.9590 2.9790 254
XBCM04 XBCM10 3.0606 3.7454 69.555 10.6190 4.2230 11.9590 2.9790 203
XBCM04 XBCM11 3.0866 3.7454 84.7517 13.1880 3.9800 11.9590 2.9790 176
XBCM04 XBCM12 3.3852 3.6862 99.6833 11.6340 4.4810 11.9590 2.9790 170
XBCM04 XBCM13 3.1533 3.022 18.1451 9.4620 4.5880 11.9590 2.9790 329
XBCM04 XBCM15 3.206 3.6644 72.7269 9.9330 5.0340 11.9590 2.9790 320
XBCM04 XBCM16 3.3052 3.6808 40.2408 10.5720 5.4800 11.9590 2.9790 317
XBCM04 XBCM17 3.2479 3.723 63.0942 12.3120 5.5460 11.9590 2.9790 288
XBCM04 XBCM18 3.32 3.6783 56.7854 9.3550 5.7230 11.9590 2.9790 420
XBCM04 XBCM19 3.3478 3.69 44.6767 11.2320 5.9750 11.9590 2.9790 342
XBCM04 XBCM20 3.2224 3.6486 35.9536 10.0540 6.2250 11.9590 2.9790 418
XBCM04 XBCM21 3.272 3.7595 35.3712 12.6200 6.4670 11.9590 2.9790 394
XBCM04 XBCM23 3.3013 3.6705 38.5058 10.7930 6.3700 11.9590 2.9790 398
XBCM04 XBCM24 3.1552 3.6849 24.9734 14.2880 6.5230 11.9590 2.9790 471
XBCM04 XBCM25 3.1979 3.6809 45.657 11.8110 6.7600 11.9590 2.9790 420
XBCM04 XBCM26 3.2862 3.7141 39.4516 13.5480 7.2650 11.9590 2.9790 508
XBCM04 XBCM27 3.2659 3.7012 16.7024 12.6670 7.3590 11.9590 2.9790 493
XBCM04 XBCM28 3.1989 3.6963 15.084 13.2370 8.4690 11.9590 2.9790 626
XBCM04 XBCM29 3.3081 3.6913 21.4407 13.3850 9.3470 11.9590 2.9790 725
XBCM04 XBCM30 3.3122 3.6932 23.4592 13.9500 9.7570 11.9590 2.9790 785
XBCM04 XBCM31 3.2658 3.7096 15.0421 15.2620 10.3270 11.9590 2.9790 894
XBCM05 XBCM06 3.3622 3.7585 79.7877 11.2680 2.3850 9.9140 2.9420 162
XBCM05 XBCM07 3.0998 3.7036 44.4766 11.4560 3.8700 9.9140 2.9420 199
XBCM05 XBCM08 2.5842 2.1491 46.9052 9.8630 3.9090 9.9140 2.9420 107
XBCM05 XBCM09 3.0633 3.5812 52.6604 9.3280 4.2340 9.9140 2.9420 157
XBCM05 XBCM10 3.2374 3.7785 44.8898 10.6190 4.2230 9.9140 2.9420 162
XBCM05 XBCM11 3.2896 3.7075 48.3759 13.1880 3.9800 9.9140 2.9420 381
XBCM05 XBCM12 3.2765 3.752 50.2661 11.6340 4.4810 9.9140 2.9420 256
XBCM05 XBCM13 3.1242 3.6664 31.2737 9.4620 4.5880 9.9140 2.9420 189
XBCM05 XBCM14 3.2035 3.6955 33.5431 14.3580 4.4220 9.9140 2.9420 520
XBCM05 XBCM15 3.23 3.7299 52.1319 9.9330 5.0340 9.9140 2.9420 232
XBCM05 XBCM16 3.3047 3.7146 28.9181 10.5720 5.4800 9.9140 2.9420 291
XBCM05 XBCM17 3.2232 3.7346 26.5771 12.3120 5.5460 9.9140 2.9420 393
XBCM05 XBCM18 3.214 3.7111 36.3867 9.3550 5.7230 9.9140 2.9420 315
XBCM05 XBCM19 3.2766 3.6874 45.4523 11.2320 5.9750 9.9140 2.9420 367
XBCM05 XBCM20 3.3498 3.6887 31.2388 10.0540 6.2250 9.9140 2.9420 365
XBCM05 XBCM21 3.2482 3.7212 31.7976 12.6200 6.4670 9.9140 2.9420 493
XBCM05 XBCM22 3.1506 3.7162 31.4307 13.2680 6.4770 9.9140 2.9420 541
XBCM05 XBCM23 3.31 3.7199 30.8153 10.7930 6.3700 9.9140 2.9420 393
XBCM05 XBCM24 3.2209 3.7137 17.5816 14.2880 6.5230 9.9140 2.9420 627
XBCM05 XBCM25 3.3725 3.6973 26.4652 11.8110 6.7600 9.9140 2.9420 473
XBCM05 XBCM26 3.2181 3.7218 16.2986 13.5480 7.2650 9.9140 2.9420 627
XBCM05 XBCM27 3.2837 3.6462 12.6579 12.6670 7.3590 9.9140 2.9420 578
XBCM05 XBCM28 3.2302 3.6814 13.5775 13.2370 8.4690 9.9140 2.9420 716
XBCM05 XBCM29 3.2494 3.6988 19.4757 13.3850 9.3470 9.9140 2.9420 809
XBCM05 XBCM30 3.3959 3.7108 24.6252 13.9500 9.7570 9.9140 2.9420 879
XBCM05 XBCM31 3.2677 3.6946 19.6749 15.2620 10.3270 9.9140 2.9420 1011
XBCM05 XBCM32 3.3886 3.7205 10.8251 14.3720 10.6190 9.9140 2.9420 985
XBCM06 XBCM07 3.2055 3.7067 98.4985 11.4560 3.8700 11.2680 2.3850 166
XBCM06 XBCM08 2.8343 2.7889 9.265 9.8630 3.9090 11.2680 2.3850 230
XBCM06 XBCM09 3.1824 3.6635 35.5157 9.3280 4.2340 11.2680 2.3850 297
XBCM06 XBCM10 3.2839 3.7018 65.9408 10.6190 4.2230 11.2680 2.3850 216
XBCM06 XBCM11 3.1626 3.6982 59.3126 13.1880 3.9800 11.2680 2.3850 277
XBCM06 XBCM12 3.2567 3.7108 96.521 11.6340 4.4810 11.2680 2.3850 236
XBCM06 XBCM13 3.2064 3.6529 39.5928 9.4620 4.5880 11.2680 2.3850 316
XBCM06 XBCM14 3.3438 3.7089 36.0893 14.3580 4.4220 11.2680 2.3850 411
XBCM06 XBCM15 3.3531 3.6697 41.4739 9.9330 5.0340 11.2680 2.3850 329
XBCM06 XBCM16 3.2581 2.9759 27.1787 10.5720 5.4800 11.2680 2.3850 352
XBCM06 XBCM17 3.2227 3.7051 42.1586 12.3120 5.5460 11.2680 2.3850 370
XBCM06 XBCM18 3.2935 3.6988 93.2502 9.3550 5.7230 11.2680 2.3850 427
XBCM06 XBCM19 3.3018 3.6847 62.2245 11.2320 5.9750 11.2680 2.3850 399
XBCM06 XBCM20 3.2684 3.6514 77.2225 10.0540 6.2250 11.2680 2.3850 447
XBCM06 XBCM21 3.1872 3.7044 40.7027 12.6200 6.4670 11.2680 2.3850 478
XBCM06 XBCM22 3.1862 3.7226 38.1621 13.2680 6.4770 11.2680 2.3850 506
XBCM06 XBCM23 3.2209 3.6634 73.9919 10.7930 6.3700 11.2680 2.3850 446
XBCM06 XBCM24 3.2098 3.6824 41.6398 14.2880 6.5230 11.2680 2.3850 569
XBCM06 XBCM25 3.2874 3.6889 37.7689 11.8110 6.7600 11.2680 2.3850 490
XBCM06 XBCM26 3.2767 3.6802 43.9769 13.5480 7.2650 11.2680 2.3850 598
XBCM06 XBCM27 3.2355 3.7024 20.9169 12.6670 7.3590 11.2680 2.3850 574
XBCM06 XBCM28 3.18 3.698 45.0329 13.2370 8.4690 11.2680 2.3850 710
XBCM06 XBCM29 3.3268 3.6924 31.2054 13.3850 9.3470 11.2680 2.3850 808
XBCM06 XBCM30 3.2795 3.7182 37.3668 13.9500 9.7570 11.2680 2.3850 871
XBCM06 XBCM31 3.2942 3.704 25.4321 15.2620 10.3270 11.2680 2.3850 987
XBCM07 XBCM08 3.14 3.7783 20.8733 9.8630 3.9090 11.4560 3.8700 176
XBCM07 XBCM09 3.2725 3.6623 99.3154 9.3280 4.2340 11.4560 3.8700 239
XBCM07 XBCM10 3.0334 3.8073 178.682 10.6190 4.2230 11.4560 3.8700 100
XBCM07 XBCM11 3.2916 3.6039 86.7682 13.1880 3.9800 11.4560 3.8700 192
XBCM07 XBCM12 2.5075 4.1195 85.7504 11.6340 4.4810 11.4560 3.8700 70
XBCM07 XBCM13 3.3616 3.7383 27.6902 9.4620 4.5880 11.4560 3.8700 235
XBCM07 XBCM14 3.2178 3.6942 86.2742 14.3580 4.4220 11.4560 3.8700 327
XBCM07 XBCM15 3.2142 3.7125 70.4245 9.9330 5.0340 11.4560 3.8700 212
XBCM07 XBCM16 3.2851 3.6452 57.2557 10.5720 5.4800 11.4560 3.8700 204
XBCM07 XBCM18 3.1425 3.7215 71.0048 9.3550 5.7230 11.4560 3.8700 310
XBCM07 XBCM19 3.3357 3.6791 50.6557 11.2320 5.9750 11.4560 3.8700 235
XBCM07 XBCM20 3.2611 3.6196 49.7741 10.0540 6.2250 11.4560 3.8700 304
XBCM07 XBCM21 3.1453 3.6685 58.7508 12.6200 6.4670 11.4560 3.8700 316
XBCM07 XBCM22 3.1897 3.7239 28.9871 13.2680 6.4770 11.4560 3.8700 352
XBCM07 XBCM23 3.2079 3.651 56.022 10.7930 6.3700 11.4560 3.8700 287
XBCM07 XBCM24 3.1766 3.7234 41.4155 14.2880 6.5230 11.4560 3.8700 430
XBCM07 XBCM25 3.359 3.6628 78.1739 11.8110 6.7600 11.4560 3.8700 323
XBCM07 XBCM26 3.2861 3.6694 41.4829 13.5480 7.2650 11.4560 3.8700 442
XBCM07 XBCM27 3.2085 3.6649 20.2118 12.6670 7.3590 11.4560 3.8700 410
XBCM07 XBCM28 3.2509 3.7015 25.6514 13.2370 8.4690 11.4560 3.8700 548
XBCM07 XBCM29 3.2428 3.6887 35.3588 13.3850 9.3470 11.4560 3.8700 645
XBCM07 XBCM30 3.3107 3.6996 34.7808 13.9500 9.7570 11.4560 3.8700 710
XBCM07 XBCM31 3.2441 3.7137 30.0091 15.2620 10.3270 11.4560 3.8700 831
XBCM07 XBCM32 3.3736 3.713 26.2789 14.3720 10.6190 11.4560 3.8700 816
XBCM08 XBCM10 3.1818 3.7248 113.1839 10.6190 4.2230 9.8630 3.9090 90
XBCM08 XBCM11 3.3095 3.6841 7.9677 13.1880 3.9800 9.8630 3.9090 369
XBCM08 XBCM12 3.4231 3.7268 13.5721 11.6340 4.4810 9.8630 3.9090 206
XBCM08 XBCM14 3.3599 3.6962 13.4397 14.3580 4.4220 9.8630 3.9090 501
XBCM08 XBCM15 3.4088 3.8531 81.6348 9.9330 5.0340 9.8630 3.9090 125
XBCM08 XBCM16 3.2417 3.788 13.503 10.5720 5.4800 9.8630 3.9090 191
XBCM08 XBCM18 2.9388 2.6514 5.7058 9.3550 5.7230 9.8630 3.9090 209
XBCM08 XBCM19 3.4111 3.6385 11.3546 11.2320 5.9750 9.8630 3.9090 275
XBCM08 XBCM20 3.544 3.6238 9.3033 10.0540 6.2250 9.8630 3.9090 258
XBCM08 XBCM21 3.1177 3.6996 5.6166 12.6200 6.4670 9.8630 3.9090 417
XBCM08 XBCM22 3.102 3.735 4.2095 13.2680 6.4770 9.8630 3.9090 473
XBCM08 XBCM23 3.0721 3.6632 7.6127 10.7930 6.3700 9.8630 3.9090 292
XBCM08 XBCM25 3.2898 3.7345 6.6018 11.8110 6.7600 9.8630 3.9090 383
XBCM08 XBCM31 3.2531 3.6922 7.406 15.2620 10.3270 9.8630 3.9090 929
XBCM09 XBCM10 3.0847 3.5474 90.274 10.6190 4.2230 9.3280 4.2340 143
XBCM09 XBCM11 3.172 3.6838 44.1037 13.1880 3.9800 9.3280 4.2340 429
XBCM09 XBCM12 3.3353 3.6799 39.8652 11.6340 4.4810 9.3280 4.2340 257
XBCM09 XBCM13 2.7173 4.5186 67.7791 9.4620 4.5880 9.3280 4.2340 42
XBCM09 XBCM14 3.2536 3.7085 38.0063 14.3580 4.4220 9.3280 4.2340 558
XBCM09 XBCM15 2.9972 3.7206 76.6329 9.9330 5.0340 9.3280 4.2340 111
XBCM09 XBCM16 3.4101 3.6453 23.4433 10.5720 5.4800 9.3280 4.2340 195
XBCM09 XBCM17 3.3235 3.663 29.1186 12.3120 5.5460 9.3280 4.2340 361
XBCM09 XBCM18 3.1932 3.8102 58.0406 9.3550 5.7230 9.3280 4.2340 165
XBCM09 XBCM19 3.2775 3.6336 23.0358 11.2320 5.9750 9.3280 4.2340 286
XBCM09 XBCM21 3.4107 3.6494 25.8847 12.6200 6.4670 9.3280 4.2340 441
XBCM09 XBCM22 3.2849 3.6636 17.1643 13.2680 6.4770 9.3280 4.2340 502
XBCM09 XBCM23 3.2356 3.6515 36.8427 10.7930 6.3700 9.3280 4.2340 287
XBCM09 XBCM24 3.2516 3.6738 45.3371 14.2880 6.5230 9.3280 4.2340 605
XBCM09 XBCM25 3.1732 3.6153 15.6874 11.8110 6.7600 9.3280 4.2340 393
XBCM09 XBCM26 3.3606 3.6404 9.2514 13.5480 7.2650 9.3280 4.2340 575
XBCM09 XBCM27 3.2183 3.6296 7.5238 12.6670 7.3590 9.3280 4.2340 507
XBCM09 XBCM28 3.2379 3.6227 17.736 13.2370 8.4690 9.3280 4.2340 639
XBCM09 XBCM29 3.293 3.6542 21.0118 13.3850 9.3470 9.3280 4.2340 723
XBCM09 XBCM30 3.2662 3.6671 27.2661 13.9500 9.7570 9.3280 4.2340 798
XBCM09 XBCM32 3.2773 3.6829 20.1427 14.3720 10.6190 9.3280 4.2340 901
XBCM10 XBCM11 3.2539 3.6795 77.838 13.1880 3.9800 10.6190 4.2230 286
XBCM10 XBCM12 3.0669 3.6699 153.7601 11.6340 4.4810 10.6190 4.2230 116
XBCM10 XBCM13 3.2142 3.7569 34.351 9.4620 4.5880 10.6190 4.2230 134
XBCM10 XBCM14 3.2403 3.7019 66.9338 14.3580 4.4220 10.6190 4.2230 415
XBCM10 XBCM15 2.8718 2.2229 91.1839 9.9330 5.0340 10.6190 4.2230 117
XBCM10 XBCM16 3.3728 3.5986 33.8498 10.5720 5.4800 10.6190 4.2230 139
XBCM10 XBCM17 3.2701 3.6935 66.5644 12.3120 5.5460 10.6190 4.2230 238
XBCM10 XBCM18 3.234 3.7121 53.3967 9.3550 5.7230 10.6190 4.2230 217
XBCM10 XBCM19 3.3755 3.72 51.8052 11.2320 5.9750 10.6190 4.2230 206
XBCM10 XBCM20 3.2131 3.6275 90.9628 10.0540 6.2250 10.6190 4.2230 231
XBCM10 XBCM21 3.1946 3.7269 49.3965 12.6200 6.4670 10.6190 4.2230 333
XBCM10 XBCM22 3.1313 3.706 46.4335 13.2680 6.4770 10.6190 4.2230 385
XBCM10 XBCM23 3.2008 3.6115 59.7974 10.7930 6.3700 10.6190 4.2230 239
XBCM10 XBCM25 3.2986 3.691 45.9884 11.8110 6.7600 10.6190 4.2230 311
XBCM10 XBCM26 3.1626 3.6792 53.1143 13.5480 7.2650 10.6190 4.2230 468
XBCM10 XBCM27 3.3294 3.6548 13.4697 12.6670 7.3590 10.6190 4.2230 415
XBCM10 XBCM28 3.2226 3.671 22.3472 13.2370 8.4690 10.6190 4.2230 553
XBCM10 XBCM29 3.3033 3.6825 16.4678 13.3850 9.3470 10.6190 4.2230 646
XBCM10 XBCM30 3.2992 3.6971 35.4254 13.9500 9.7570 10.6190 4.2230 716
XBCM10 XBCM31 3.281 3.7096 17.6128 15.2620 10.3270 10.6190 4.2230 850
XBCM10 XBCM32 3.3203 3.7115 28.693 14.3720 10.6190 10.6190 4.2230 822
XBCM11 XBCM12 3.1295 3.6847 69.4808 11.6340 4.4810 13.1880 3.9800 181
XBCM11 XBCM13 3.3266 3.6826 21.605 9.4620 4.5880 13.1880 3.9800 418
XBCM11 XBCM14 3.2631 3.6945 61.0165 14.3580 4.4220 13.1880 3.9800 138
XBCM11 XBCM15 3.4185 3.6532 61.3422 9.9330 5.0340 13.1880 3.9800 379
XBCM11 XBCM16 3.1867 3.6997 29.9498 10.5720 5.4800 13.1880 3.9800 334
XBCM11 XBCM17 3.1456 3.6656 81.8669 12.3120 5.5460 13.1880 3.9800 199
XBCM11 XBCM18 3.2228 3.683 40.6809 9.3550 5.7230 13.1880 3.9800 466
XBCM11 XBCM19 3.1661 3.6776 42.0314 11.2320 5.9750 13.1880 3.9800 310
XBCM11 XBCM21 3.1461 3.708 65.7861 12.6200 6.4670 13.1880 3.9800 283
XBCM11 XBCM22 3.211 3.6423 45.7462 13.2680 6.4770 13.1880 3.9800 277
XBCM11 XBCM23 3.207 3.6496 51.2887 10.7930 6.3700 13.1880 3.9800 375
XBCM11 XBCM24 3.156 3.6603 43.957 14.2880 6.5230 13.1880 3.9800 307
XBCM11 XBCM25 3.2241 3.6692 66.6969 11.8110 6.7600 13.1880 3.9800 344
XBCM11 XBCM26 3.1041 3.641 33.5419 13.5480 7.2650 13.1880 3.9800 367
XBCM11 XBCM27 3.2094 3.6591 49.5074 12.6670 7.3590 13.1880 3.9800 380
XBCM11 XBCM28 3.2242 3.6527 27.5592 13.2370 8.4690 13.1880 3.9800 499
XBCM11 XBCM29 3.2085 3.6991 25.7402 13.3850 9.3470 13.1880 3.9800 597
XBCM11 XBCM30 3.2528 3.6913 32.6524 13.9500 9.7570 13.1880 3.9800 648
XBCM11 XBCM31 3.2408 3.6922 30.1773 15.2620 10.3270 13.1880 3.9800 742
XBCM11 XBCM32 3.2481 3.6943 40.7098 14.3720 10.6190 13.1880 3.9800 749
XBCM12 XBCM13 3.3341 3.6355 26.0276 9.4620 4.5880 11.6340 4.4810 241
XBCM12 XBCM14 3.2888 3.6568 73.8612 14.3580 4.4220 11.6340 4.4810 302
XBCM12 XBCM15 3.2773 3.648 116.2593 9.9330 5.0340 11.6340 4.4810 198
XBCM12 XBCM16 3.322 3.6643 29.1912 10.5720 5.4800 11.6340 4.4810 161
XBCM12 XBCM17 3.1046 2.3627 44.6825 12.3120 5.5460 11.6340 4.4810 140
XBCM12 XBCM18 3.3099 3.6814 64.328 9.3550 5.7230 11.6340 4.4810 287
XBCM12 XBCM19 3.364 3.6686 82.9946 11.2320 5.9750 11.6340 4.4810 172
XBCM12 XBCM20 3.0749 3.6442 38.3943 10.0540 6.2250 11.6340 4.4810 261
XBCM12 XBCM22 3.1144 3.7315 28.9829 13.2680 6.4770 11.6340 4.4810 286
XBCM12 XBCM23 3.3277 3.628 68.0541 10.7930 6.3700 11.6340 4.4810 229
XBCM12 XBCM24 3.0767 3.7375 42.8616 14.2880 6.5230 11.6340 4.4810 371
XBCM12 XBCM25 3.2046 3.6574 74.2394 11.8110 6.7600 11.6340 4.4810 254
XBCM12 XBCM26 3.1601 3.6885 28.3337 13.5480 7.2650 11.6340 4.4810 375
XBCM12 XBCM27 3.2201 3.6861 14.1676 12.6670 7.3590 11.6340 4.4810 339
XBCM12 XBCM28 3.3158 3.6954 39.4265 13.2370 8.4690 11.6340 4.4810 477
XBCM12 XBCM29 3.3157 3.6758 26.2054 13.3850 9.3470 11.6340 4.4810 574
XBCM12 XBCM30 3.355 3.6922 39.1023 13.9500 9.7570 11.6340 4.4810 640
XBCM12 XBCM31 3.3104 3.7037 13.2741 15.2620 10.3270 11.6340 4.4810 763
XBCM12 XBCM32 3.3375 4.1639 28.9858 14.3720 10.6190 11.6340 4.4810 746
XBCM13 XBCM14 3.2593 3.6853 28.2015 14.3580 4.4220 9.4620 4.5880 543
XBCM13 XBCM15 2.9266 4.0353 54.3078 9.9330 5.0340 9.4620 4.5880 72
XBCM13 XBCM17 3.2982 3.7033 19.1092 12.3120 5.5460 9.4620 4.5880 333
XBCM13 XBCM18 3.3547 3.8477 48.4584 9.3550 5.7230 9.4620 4.5880 126
XBCM13 XBCM19 3.2173 3.6362 10.8284 11.2320 5.9750 9.4620 4.5880 249
XBCM13 XBCM20 3.0298 3.6625 18.2094 10.0540 6.2250 9.4620 4.5880 193
XBCM13 XBCM21 3.5163 3.6705 18.373 12.6200 6.4670 9.4620 4.5880 407
XBCM13 XBCM23 3.2948 3.611 19.5368 10.7930 6.3700 9.4620 4.5880 246
XBCM13 XBCM24 3.3249 3.7055 13.1783 14.2880 6.5230 9.4620 4.5880 575
XBCM13 XBCM25 3.4297 3.6437 18.0309 11.8110 6.7600 9.4620 4.5880 354
XBCM13 XBCM26 3.3773 3.655 14.6566 13.5480 7.2650 9.4620 4.5880 541
XBCM13 XBCM27 3.1322 3.6399 6.8471 12.6670 7.3590 9.4620 4.5880 469
XBCM13 XBCM30 3.3731 3.6896 10.8711 13.9500 9.7570 9.4620 4.5880 758
XBCM13 XBCM32 3.3114 3.6862 7.4264 14.3720 10.6190 9.4620 4.5880 861
XBCM14 XBCM15 3.2575 3.6641 73.9359 9.9330 5.0340 14.3580 4.4220 495
XBCM14 XBCM16 3.2357 3.633 42.2036 10.5720 5.4800 14.3580 4.4220 435
XBCM14 XBCM17 3.1003 3.6895 62.4732 12.3120 5.5460 14.3580 4.4220 258
XBCM14 XBCM18 3.301 3.6492 56.1657 9.3550 5.7230 14.3580 4.4220 572
XBCM14 XBCM19 3.2231 3.6675 57.9393 11.2320 5.9750 14.3580 4.4220 386
XBCM14 XBCM20 3.1344 3.6479 61.1419 10.0540 6.2250 14.3580 4.4220 517
XBCM14 XBCM21 3.2015 3.62 36.8835 12.6200 6.4670 14.3580 4.4220 297
XBCM14 XBCM22 3.2112 3.6168 66.1286 13.2680 6.4770 14.3580 4.4220 258
XBCM14 XBCM23 3.2322 3.6624 44.9374 10.7930 6.3700 14.3580 4.4220 450
XBCM14 XBCM24 3.2603 3.6597 46.7275 14.2880 6.5230 14.3580 4.4220 233
XBCM14 XBCM25 3.0884 3.658 41.4232 11.8110 6.7600 14.3580 4.4220 383
XBCM14 XBCM27 3.1681 3.629 40.332 12.6670 7.3590 14.3580 4.4220 376
XBCM14 XBCM28 3.1699 3.6716 33.8111 13.2370 8.4690 14.3580 4.4220 466
XBCM14 XBCM29 3.2964 3.7156 25.9575 13.3850 9.3470 14.3580 4.4220 558
XBCM14 XBCM30 3.196 3.6859 33.1287 13.9500 9.7570 14.3580 4.4220 595
XBCM14 XBCM32 3.1903 3.6735 23.8252 14.3720 10.6190 14.3580 4.4220 689
XBCM15 XBCM16 3.1234 3.8578 162.083 10.5720 5.4800 9.9330 5.0340 86
XBCM15 XBCM17 3.1261 3.6662 58.8322 12.3120 5.5460 9.9330 5.0340 269
XBCM15 XBCM18 2.9083 3.7987 185.6294 9.3550 5.7230 9.9330 5.0340 99
XBCM15 XBCM19 3.325 3.655 83.1454 11.2320 5.9750 9.9330 5.0340 177
XBCM15 XBCM20 3.3746 3.6526 56.6307 10.0540 6.2250 9.9330 5.0340 133
XBCM15 XBCM21 3.387 3.6239 48.4029 12.6200 6.4670 9.9330 5.0340 337
XBCM15 XBCM22 3.3066 3.638 55.1643 13.2680 6.4770 9.9330 5.0340 402
XBCM15 XBCM23 3.0811 3.5878 108.5968 10.7930 6.3700 9.9330 5.0340 176
XBCM15 XBCM25 3.2849 3.6538 29.4156 11.8110 6.7600 9.9330 5.0340 282
XBCM15 XBCM26 3.3393 3.6648 32.8607 13.5480 7.2650 9.9330 5.0340 470
XBCM15 XBCM28 3.1583 3.6353 32.6049 13.2370 8.4690 9.9330 5.0340 528
XBCM15 XBCM29 3.2715 3.6398 24.5344 13.3850 9.3470 9.9330 5.0340 612
XBCM15 XBCM30 3.3272 3.6366 43.5209 13.9500 9.7570 9.9330 5.0340 687
XBCM15 XBCM31 3.2987 3.6872 25.3503 15.2620 10.3270 9.9330 5.0340 831
XBCM15 XBCM32 3.3268 3.6483 28.7557 14.3720 10.6190 9.9330 5.0340 790
XBCM16 XBCM17 3.1741 3.5989 46.911 12.3120 5.5460 10.5720 5.4800 192
XBCM16 XBCM18 3.2715 3.6211 48.5532 9.3550 5.7230 10.5720 5.4800 137
XBCM16 XBCM19 2.8772 3.8511 168.4027 11.2320 5.9750 10.5720 5.4800 91
XBCM16 XBCM20 2.8021 3.7689 152.522 10.0540 6.2250 10.5720 5.4800 100
XBCM16 XBCM21 3.3678 3.6094 33.4038 12.6200 6.4670 10.5720 5.4800 251
XBCM16 XBCM23 2.7176 2.0771 206.7306 10.7930 6.3700 10.5720 5.4800 101
XBCM16 XBCM24 3.0838 3.6805 11.2548 14.2880 6.5230 10.5720 5.4800 427
XBCM16 XBCM25 3.417 3.6328 40.1617 11.8110 6.7600 10.5720 5.4800 197
XBCM16 XBCM26 3.4008 3.6916 21.3089 13.5480 7.2650 10.5720 5.4800 384
XBCM16 XBCM27 3.1916 3.6025 12.9832 12.6670 7.3590 10.5720 5.4800 311
XBCM16 XBCM29 3.2854 3.6425 26.6431 13.3850 9.3470 10.5720 5.4800 530
XBCM16 XBCM30 3.1818 3.6728 30.1615 13.9500 9.7570 10.5720 5.4800 604
XBCM16 XBCM31 3.305 3.6774 16.9154 15.2620 10.3270 10.5720 5.4800 746
XBCM16 XBCM32 3.2687 3.6786 19.3283 14.3720 10.6190 10.5720 5.4800 708
XBCM17 XBCM18 3.2975 3.6317 59.2674 9.3550 5.7230 12.3120 5.5460 327
XBCM17 XBCM19 2.8998 2.2588 113.989 11.2320 5.9750 12.3120 5.5460 128
XBCM17 XBCM20 3.2426 3.5612 62.0086 10.0540 6.2250 12.3120 5.5460 260
XBCM17 XBCM21 2.9628 3.7953 228.1941 12.6200 6.4670 12.3120 5.5460 107
XBCM17 XBCM22 3.0674 3.6713 52.0653 13.2680 6.4770 12.3120 5.5460 148
XBCM17 XBCM23 3.2706 3.5757 94.7928 10.7930 6.3700 12.3120 5.5460 191
XBCM17 XBCM24 3.0857 3.6584 23.4692 14.2880 6.5230 12.3120 5.5460 244
XBCM17 XBCM25 2.8372 2.3741 42.3995 11.8110 6.7600 12.3120 5.5460 145
XBCM17 XBCM26 3.0935 3.6678 70.1684 13.5480 7.2650 12.3120 5.5460 234
XBCM17 XBCM27 3.1245 3.6792 39.5365 12.6670 7.3590 12.3120 5.5460 205
XBCM17 XBCM28 3.2006 3.6711 28.3068 13.2370 8.4690 12.3120 5.5460 340
XBCM17 XBCM29 3.1688 3.6712 22.3662 13.3850 9.3470 12.3120 5.5460 439
XBCM17 XBCM30 3.2483 3.7242 25.579 13.9500 9.7570 12.3120 5.5460 501
XBCM17 XBCM31 3.2931 3.7151 44.1366 15.2620 10.3270 12.3120 5.5460 623
XBCM17 XBCM32 3.3157 3.7293 22.7095 14.3720 10.6190 12.3120 5.5460 608
XBCM18 XBCM20 2.9874 2.0562 84.0269 10.0540 6.2250 9.3550 5.7230 95
XBCM18 XBCM21 3.1291 3.5934 28.6749 12.6200 6.4670 9.3550 5.7230 370
XBCM18 XBCM23 3.1181 3.5719 57.9094 10.7930 6.3700 9.3550 5.7230 174
XBCM18 XBCM24 3.2555 3.6401 73.0981 14.2880 6.5230 9.3550 5.7230 552
XBCM18 XBCM25 3.2056 3.5594 27.6652 11.8110 6.7600 9.3550 5.7230 295
XBCM18 XBCM26 3.2029 3.6106 51.6228 13.5480 7.2650 9.3550 5.7230 494
XBCM18 XBCM27 3.1724 3.593 24.8647 12.6670 7.3590 9.3550 5.7230 408
XBCM18 XBCM30 3.7592 3.7194 14.2446 13.9500 9.7570 9.3550 5.7230 676
XBCM18 XBCM31 3.1713 3.6674 17.9144 15.2620 10.3270 9.3550 5.7230 827
XBCM19 XBCM20 2.9946 3.5248 79.3883 10.0540 6.2250 11.2320 5.9750 133
XBCM19 XBCM22 3.1882 3.6644 62.9804 13.2680 6.4770 11.2320 5.9750 231
XBCM19 XBCM23 2.5928 3.8332 116.7985 10.7930 6.3700 11.2320 5.9750 65
XBCM19 XBCM25 2.9145 2.1178 104.0445 11.8110 6.7600 11.2320 5.9750 108
XBCM19 XBCM27 3.6785 3.6893 17.8811 12.6670 7.3590 11.2320 5.9750 220
XBCM19 XBCM28 3.1946 3.6303 30.7601 13.2370 8.4690 11.2320 5.9750 354
XBCM19 XBCM29 3.2877 3.6661 46.1488 13.3850 9.3470 11.2320 5.9750 443
XBCM19 XBCM30 3.1808 3.6816 29.9046 13.9500 9.7570 11.2320 5.9750 516
XBCM19 XBCM32 3.2424 3.6882 24.5656 14.3720 10.6190 11.2320 5.9750 621
XBCM20 XBCM21 3.1688 3.5979 68.7173 12.6200 6.4670 10.0540 6.2250 284
XBCM20 XBCM22 3.1982 3.6143 58.0709 13.2680 6.4770 10.0540 6.2250 356
XBCM20 XBCM23 2.699 3.522 167.1501 10.7930 6.3700 10.0540 6.2250 83
XBCM20 XBCM24 3.2008 3.6291 21.2371 14.2880 6.5230 10.0540 6.2250 469
XBCM20 XBCM25 3.1455 3.5847 36.2607 11.8110 6.7600 10.0540 6.2250 203
XBCM20 XBCM27 3.1181 3.537 27.8282 12.6670 7.3590 10.0540 6.2250 314
XBCM20 XBCM28 3.3931 3.6412 33.7489 13.2370 8.4690 10.0540 6.2250 430
XBCM20 XBCM29 3.4722 3.6996 21.065 13.3850 9.3470 10.0540 6.2250 505
XBCM20 XBCM30 3.4999 3.7005 30.0746 13.9500 9.7570 10.0540 6.2250 581
XBCM20 XBCM31 3.3857 3.6825 23.0867 15.2620 10.3270 10.0540 6.2250 732
XBCM21 XBCM22 2.614 3.6246 285.1297 13.2680 6.4770 12.6200 6.4670 71
XBCM21 XBCM23 3.264 3.5909 71.7298 10.7930 6.3700 12.6200 6.4670 202
XBCM21 XBCM24 3.18 3.6256 80.0084 14.2880 6.5230 12.6200 6.4670 184
XBCM21 XBCM25 3.0368 3.7397 170.5861 11.8110 6.7600 12.6200 6.4670 95
XBCM21 XBCM26 2.9144 2.3464 61.7128 13.5480 7.2650 12.6200 6.4670 135
XBCM21 XBCM27 2.6243 3.7674 208.5933 12.6670 7.3590 12.6200 6.4670 99
XBCM21 XBCM28 3.3602 3.6529 51.3135 13.2370 8.4690 12.6200 6.4670 232
XBCM21 XBCM29 3.2969 3.7344 48.3751 13.3850 9.3470 12.6200 6.4670 331
XBCM21 XBCM30 3.4262 3.7012 65.3858 13.9500 9.7570 12.6200 6.4670 394
XBCM21 XBCM31 3.2428 3.7237 32.4781 15.2620 10.3270 12.6200 6.4670 518
XBCM22 XBCM23 3.2613 3.6123 68.0401 10.7930 6.3700 13.2680 6.4770 273
XBCM22 XBCM24 3.0697 3.584 89.2578 14.2880 6.5230 13.2680 6.4770 112
XBCM22 XBCM25 3.1858 3.5958 79.1311 11.8110 6.7600 13.2680 6.4770 164
XBCM22 XBCM27 2.8376 3.7619 140.6231 12.6670 7.3590 13.2680 6.4770 118
XBCM22 XBCM28 3.3 3.6784 60.9348 13.2370 8.4690 13.2680 6.4770 221
XBCM22 XBCM29 3.3241 3.6591 29.5229 13.3850 9.3470 13.2680 6.4770 319
XBCM22 XBCM31 3.3172 3.6986 26.7387 15.2620 10.3270 13.2680 6.4770 481
XBCM22 XBCM32 3.4236 3.6715 24.8568 14.3720 10.6190 13.2680 6.4770 476
XBCM23 XBCM24 3.2751 3.6292 48.8005 14.2880 6.5230 10.7930 6.3700 386
XBCM23 XBCM25 3.0076 3.6684 55.8226 11.8110 6.7600 10.7930 6.3700 120
XBCM23 XBCM26 3.0784 3.6035 29.0859 13.5480 7.2650 10.7930 6.3700 320
XBCM23 XBCM27 3.0752 3.5698 35.5499 12.6670 7.3590 10.7930 6.3700 234
XBCM23 XBCM28 3.3039 3.6178 35.4309 13.2370 8.4690 10.7930 6.3700 356
XBCM23 XBCM29 3.1373 3.6556 39.9819 13.3850 9.3470 10.7930 6.3700 437
XBCM23 XBCM30 3.1474 3.6698 30.8238 13.9500 9.7570 10.7930 6.3700 512
XBCM23 XBCM31 3.2774 3.6853 29.9961 15.2620 10.3270 10.7930 6.3700 659
XBCM23 XBCM32 3.1722 3.6871 20.0798 14.3720 10.6190 10.7930 6.3700 615
XBCM24 XBCM25 3.3259 3.5946 46.7271 11.8110 6.7600 14.2880 6.5230 274
XBCM24 XBCM26 2.8515 3.7757 177.4231 13.5480 7.2650 14.2880 6.5230 116
XBCM24 XBCM27 3.1358 3.5765 37.8847 12.6670 7.3590 14.2880 6.5230 201
XBCM24 XBCM28 3.2993 3.5898 46.1976 13.2370 8.4690 14.2880 6.5230 245
XBCM24 XBCM31 3.2648 3.6915 35.2395 15.2620 10.3270 14.2880 6.5230 436
XBCM24 XBCM32 3.2118 3.6655 34.392 14.3720 10.6190 14.2880 6.5230 455
XBCM25 XBCM26 3.1559 3.6469 34.4497 13.5480 7.2650 11.8110 6.7600 199
XBCM25 XBCM29 3.1962 3.6886 30.0007 13.3850 9.3470 11.8110 6.7600 335
XBCM25 XBCM31 3.2568 3.69 45.3235 15.2620 10.3270 11.8110 6.7600 549
XBCM25 XBCM32 3.3121 3.7138 39.7526 14.3720 10.6190 11.8110 6.7600 513
XBCM26 XBCM27 2.8885 3.6283 140.3069 12.6670 7.3590 13.5480 7.2650 97
XBCM26 XBCM28 3.3575 3.6591 91.1374 13.2370 8.4690 13.5480 7.2650 138
XBCM26 XBCM29 3.3606 3.7116 49.3738 13.3850 9.3470 13.5480 7.2650 232
XBCM26 XBCM30 3.2637 3.7407 65.4205 13.9500 9.7570 13.5480 7.2650 280
XBCM26 XBCM31 3.3273 3.7322 30.3279 15.2620 10.3270 13.5480 7.2650 389
XBCM26 XBCM32 3.4369 3.7544 42.8527 14.3720 10.6190 13.5480 7.2650 383
XBCM27 XBCM28 2.8011 2.3378 36.5113 13.2370 8.4690 12.6670 7.3590 138
XBCM27 XBCM29 3.3222 3.7027 18.2068 13.3850 9.3470 12.6670 7.3590 234
XBCM27 XBCM31 3.3264 3.734 15.9601 15.2620 10.3270 12.6670 7.3590 436
XBCM27 XBCM32 3.455 3.7613 19.4814 14.3720 10.6190 12.6670 7.3590 408
XBCM28 XBCM29 3.1167 3.8727 215.0321 13.3850 9.3470 13.2370 8.4690 99
XBCM28 XBCM30 3.3093 3.7406 63.8521 13.9500 9.7570 13.2370 8.4690 163
XBCM28 XBCM31 3.3443 3.7615 26.809 15.2620 10.3270 13.2370 8.4690 303
XBCM28 XBCM32 3.2828 3.7279 35.1171 14.3720 10.6190 13.2370 8.4690 269
XBCM29 XBCM30 2.7749 4.0083 194.4541 13.9500 9.7570 13.3850 9.3470 76
XBCM29 XBCM31 3.2311 3.7602 27.5333 15.2620 10.3270 13.3850 9.3470 232
XBCM29 XBCM32 3.5462 3.7982 104.2603 14.3720 10.6190 13.3850 9.3470 178
XBCM30 XBCM31 3.2969 3.7811 57.7797 15.2620 10.3270 13.9500 9.7570 157
XBCM30 XBCM32 3.0217 3.7898 208.5217 14.3720 10.6190 13.9500 9.7570 106
XBCM31 XBCM32 3.0504 3.745 273.1219 14.3720 10.6190 15.2620 10.3270 102
