XBCM01 XBCM02 3.375 3.7545 54.3167 13.2890 2.6980 9.8340 2.3890 385
XBCM01 XBCM03 3.234 3.7236 49.9415 15.0340 3.5190 9.8340 2.3890 591
XBCM01 XBCM04 3.285 3.7291 71.3179 11.9590 2.9790 9.8340 2.3890 245
XBCM01 XBCM05 2.3711 4.3757 170.2563 9.9140 2.9420 9.8340 2.3890 62
XBCM01 XBCM06 3.2199 3.6818 81.0823 11.2680 2.3850 9.8340 2.3890 159
XBCM01 XBCM07 3.1664 3.7216 34.3252 11.4560 3.8700 9.8340 2.3890 244
XBCM01 XBCM10 3.3103 3.7195 45.2532 10.6190 4.2230 9.8340 2.3890 221
XBCM01 XBCM12 3.3391 3.7336 39.024 11.6340 4.4810 9.8340 2.3890 306
XBCM01 XBCM13 3.3538 3.6732 24.891 9.4620 4.5880 9.8340 2.3890 248
XBCM01 XBCM14 3.2286 3.7116 31.3404 14.3580 4.4220 9.8340 2.3890 550
XBCM01 XBCM15 3.4526 3.6975 70.962 9.9330 5.0340 9.8340 2.3890 294
XBCM01 XBCM17 3.2796 3.7029 27.6454 12.3120 5.5460 9.8340 2.3890 445
XBCM01 XBCM18 3.2068 3.7185 71.7612 9.3550 5.7230 9.8340 2.3890 374
XBCM01 XBCM19 3.298 3.707 30.7301 11.2320 5.9750 9.8340 2.3890 427
XBCM01 XBCM20 3.2582 3.6997 32.1747 10.0540 6.2250 9.8340 2.3890 427
XBCM01 XBCM21 3.3749 3.2163 27.9631 12.6200 6.4670 9.8340 2.3890 548
XBCM01 XBCM22 3.1695 3.7292 19.0304 13.2680 6.4770 9.8340 2.3890 593
XBCM01 XBCM23 3.4125 3.6819 49.6881 10.7930 6.3700 9.8340 2.3890 455
XBCM01 XBCM25 3.2651 3.7211 38.9584 11.8110 6.7600 9.8340 2.3890 533
XBCM01 XBCM26 3.3018 3.725 23.786 13.5480 7.2650 9.8340 2.3890 680
XBCM01 XBCM27 3.229 3.6908 15.0686 12.6670 7.3590 9.8340 2.3890 635
XBCM01 XBCM28 3.262 3.7096 12.7592 13.2370 8.4690 9.8340 2.3890 774
XBCM01 XBCM29 3.349 3.7152 27.5878 13.3850 9.3470 9.8340 2.3890 867
XBCM01 XBCM30 3.3499 3.7223 24.846 13.9500 9.7570 9.8340 2.3890 937
XBCM01 XBCM31 3.2381 3.7166 13.2446 15.2620 10.3270 9.8340 2.3890 1067
XBCM01 XBCM32 3.3279 3.7395 21.5779 14.3720 10.6190 9.8340 2.3890 1043
XBCM02 XBCM04 3.2667 3.6886 62.1922 11.9590 2.9790 13.2890 2.6980 151
XBCM02 XBCM05 3.266 3.7231 50.6907 9.9140 2.9420 13.2890 2.6980 375
XBCM02 XBCM06 3.2305 3.7251 72.061 11.2680 2.3850 13.2890 2.6980 227
XBCM02 XBCM07 3.2549 3.7552 58.9956 11.4560 3.8700 13.2890 2.6980 241
XBCM02 XBCM09 3.2661 3.7253 38.6729 9.3280 4.2340 13.2890 2.6980 471
XBCM02 XBCM10 3.3423 3.7869 33.5474 10.6190 4.2230 13.2890 2.6980 341
XBCM02 XBCM13 3.2527 3.7636 17.6034 9.4620 4.5880 13.2890 2.6980 473
XBCM02 XBCM14 3.2337 3.6814 45.6245 14.3580 4.4220 13.2890 2.6980 225
XBCM02 XBCM15 3.286 3.7261 19.3658 9.9330 5.0340 13.2890 2.6980 454
XBCM02 XBCM16 3.135 3.7263 14.8724 10.5720 5.4800 13.2890 2.6980 431
XBCM02 XBCM17 3.2417 3.718 37.9855 12.3120 5.5460 13.2890 2.6980 334
XBCM02 XBCM18 3.294 3.7491 33.6531 9.3550 5.7230 13.2890 2.6980 551
XBCM02 XBCM19 3.2666 3.7038 24.657 11.2320 5.9750 13.2890 2.6980 429
XBCM02 XBCM20 3.2111 3.6729 22.2634 10.0540 6.2250 13.2890 2.6980 531
XBCM02 XBCM21 3.3337 3.7364 36.5479 12.6200 6.4670 13.2890 2.6980 425
XBCM02 XBCM23 3.2977 3.6922 23.1038 10.7930 6.3700 13.2890 2.6980 493
XBCM02 XBCM24 3.1855 3.649 16.4509 14.2880 6.5230 13.2890 2.6980 439
XBCM02 XBCM25 3.2882 3.7028 28.0628 11.8110 6.7600 13.2890 2.6980 480
XBCM02 XBCM26 3.2445 3.6946 24.1195 13.5480 7.2650 13.2890 2.6980 508
XBCM02 XBCM27 3.2049 3.7397 12.56 12.6670 7.3590 13.2890 2.6980 523
XBCM02 XBCM28 3.2596 3.7015 22.8931 13.2370 8.4690 13.2890 2.6980 641
XBCM02 XBCM29 3.2273 3.7494 20.2227 13.3850 9.3470 13.2890 2.6980 739
XBCM02 XBCM30 3.2059 3.7356 23.6445 13.9500 9.7570 13.2890 2.6980 788
XBCM02 XBCM32 3.1813 3.7276 19.1007 14.3720 10.6190 13.2890 2.6980 889
XBCM03 XBCM04 3.2966 3.7498 35.5263 11.9590 2.9790 15.0340 3.5190 346
XBCM03 XBCM05 3.3027 3.7356 28.9025 9.9140 2.9420 15.0340 3.5190 572
XBCM03 XBCM06 3.2828 3.7391 42.7329 11.2680 2.3850 15.0340 3.5190 436
XBCM03 XBCM07 3.2793 3.6829 61.8025 11.4560 3.8700 15.0340 3.5190 399
XBCM03 XBCM09 3.2508 3.7108 17.2385 9.3280 4.2340 15.0340 3.5190 638
XBCM03 XBCM10 3.2614 3.7088 56.8405 10.6190 4.2230 15.0340 3.5190 496
XBCM03 XBCM11 3.3045 3.6739 63.2196 13.1880 3.9800 15.0340 3.5190 211
XBCM03 XBCM12 3.1776 3.6867 34.5985 11.6340 4.4810 15.0340 3.5190 392
XBCM03 XBCM13 3.3529 3.7094 16.4757 9.4620 4.5880 15.0340 3.5190 629
XBCM03 XBCM14 2.9983 3.8498 82.638 14.3580 4.4220 15.0340 3.5190 125
XBCM03 XBCM15 3.2751 3.6797 45.021 9.9330 5.0340 15.0340 3.5190 590
XBCM03 XBCM17 3.1505 3.7558 29.1643 12.3120 5.5460 15.0340 3.5190 376
XBCM03 XBCM18 3.2061 3.7091 28.5444 9.3550 5.7230 15.0340 3.5190 675
XBCM03 XBCM19 3.2153 3.7204 34.6985 11.2320 5.9750 15.0340 3.5190 502
XBCM03 XBCM20 3.232 3.6959 33.1304 10.0540 6.2250 15.0340 3.5190 628
XBCM03 XBCM21 3.2261 3.6859 21.3527 12.6200 6.4670 15.0340 3.5190 423
XBCM03 XBCM22 3.2534 3.6449 18.889 13.2680 6.4770 15.0340 3.5190 382
XBCM03 XBCM23 3.2205 3.6978 33.4363 10.7930 6.3700 15.0340 3.5190 566
XBCM03 XBCM24 3.1687 3.716 18.8958 14.2880 6.5230 15.0340 3.5190 344
XBCM03 XBCM25 3.2458 3.6895 25.2691 11.8110 6.7600 15.0340 3.5190 507
XBCM03 XBCM26 3.1892 3.6334 11.7966 13.5480 7.2650 15.0340 3.5190 447
XBCM03 XBCM27 3.2272 3.6784 42.0836 12.6670 7.3590 15.0340 3.5190 501
XBCM03 XBCM28 3.2371 3.6936 16.3718 13.2370 8.4690 15.0340 3.5190 585
XBCM03 XBCM29 3.2841 3.7332 20.2122 13.3850 9.3470 15.0340 3.5190 673
XBCM03 XBCM30 3.2643 3.7058 34.9095 13.9500 9.7570 15.0340 3.5190 704
XBCM03 XBCM31 3.2849 3.7158 21.5432 15.2620 10.3270 15.0340 3.5190 757
XBCM03 XBCM32 3.2458 3.6893 52.1832 14.3720 10.6190 15.0340 3.5190 793
XBCM04 XBCM05 3.2275 3.7148 69.6534 9.9140 2.9420 11.9590 2.9790 227
XBCM04 XBCM06 2.7865 3.9084 253.8577 11.2680 2.3850 11.9590 2.9790 101
XBCM04 XBCM07 2.9032 3.9055 181.8928 11.4560 3.8700 11.9590 2.9790 113
XBCM04 XBCM08 3.1491 3.8584 10.8738 9.8630 3.9090 11.9590 2.9790 254
XBCM04 XBCM10 3.0515 3.7839 75.0075 10.6190 4.2230 11.9590 2.9790 203
XBCM04 XBCM11 3.0859 3.7817 79.194 13.1880 3.9800 11.9590 2.9790 176
XBCM04 XBCM12 3.4344 3.7025 81.5962 11.6340 4.4810 11.9590 2.9790 170
XBCM04 XBCM13 3.1517 3.0162 15.0098 9.4620 4.5880 11.9590 2.9790 329
XBCM04 XBCM15 3.2141 3.6886 73.7606 9.9330 5.0340 11.9590 2.9790 320
XBCM04 XBCM16 3.3496 3.7002 36.6962 10.5720 5.4800 11.9590 2.9790 317
XBCM04 XBCM17 3.2376 3.7479 58.4576 12.3120 5.5460 11.9590 2.9790 288
XBCM04 XBCM18 3.3519 3.6962 52.9602 9.3550 5.7230 11.9590 2.9790 420
XBCM04 XBCM19 3.3727 3.7075 39.6238 11.2320 5.9750 11.9590 2.9790 342
XBCM04 XBCM20 3.2324 3.6708 29.5816 10.0540 6.2250 11.9590 2.9790 418
XBCM04 XBCM21 3.3124 3.7848 31.3445 12.6200 6.4670 11.9590 2.9790 394
XBCM04 XBCM23 3.32 3.6895 36.4868 10.7930 6.3700 11.9590 2.9790 398
XBCM04 XBCM24 3.1903 3.7134 22.4597 14.2880 6.5230 11.9590 2.9790 471
XBCM04 XBCM25 3.2082 3.7067 39.5817 11.8110 6.7600 11.9590 2.9790 420
XBCM04 XBCM26 3.3052 3.7367 39.8656 13.5480 7.2650 11.9590 2.9790 508
XBCM04 XBCM27 3.3078 3.7236 15.0515 12.6670 7.3590 11.9590 2.9790 493
XBCM04 XBCM28 3.2235 3.7228 14.1441 13.2370 8.4690 11.9590 2.9790 626
XBCM04 XBCM29 3.3407 3.711 19.2857 13.3850 9.3470 11.9590 2.9790 725
XBCM04 XBCM30 3.3629 3.7125 23.2503 13.9500 9.7570 11.9590 2.9790 785
XBCM04 XBCM31 3.2937 3.7327 14.9808 15.2620 10.3270 11.9590 2.9790 894
XBCM05 XBCM06 3.3644 3.7786 58.7553 11.2680 2.3850 9.9140 2.9420 162
XBCM05 XBCM07 3.1081 3.737 47.4343 11.4560 3.8700 9.9140 2.9420 199
XBCM05 XBCM08 2.5653 2.1321 49.8528 9.8630 3.9090 9.9140 2.9420 107
XBCM05 XBCM09 3.1281 3.6087 52.551 9.3280 4.2340 9.9140 2.9420 157
XBCM05 XBCM10 3.3718 3.8071 50.2859 10.6190 4.2230 9.9140 2.9420 162
XBCM05 XBCM11 3.3086 3.729 51.2135 13.1880 3.9800 9.9140 2.9420 381
XBCM05 XBCM12 3.3015 3.7773 44.3647 11.6340 4.4810 9.9140 2.9420 256
XBCM05 XBCM13 3.2113 3.6973 25.3757 9.4620 4.5880 9.9140 2.9420 189
XBCM05 XBCM14 3.2207 3.7215 32.3776 14.3580 4.4220 9.9140 2.9420 520
XBCM05 XBCM15 3.2646 3.7566 47.5459 9.9330 5.0340 9.9140 2.9420 232
XBCM05 XBCM16 3.316 3.7354 23.6406 10.5720 5.4800 9.9140 2.9420 291
XBCM05 XBCM17 3.2579 3.7622 22.8539 12.3120 5.5460 9.9140 2.9420 393
XBCM05 XBCM18 3.2759 3.7376 34.1245 9.3550 5.7230 9.9140 2.9420 315
XBCM05 XBCM19 3.3243 3.7089 39.3078 11.2320 5.9750 9.9140 2.9420 367
XBCM05 XBCM20 3.3686 3.7057 27.6245 10.0540 6.2250 9.9140 2.9420 365
XBCM05 XBCM21 3.2488 3.7461 33.8525 12.6200 6.4670 9.9140 2.9420 493
XBCM05 XBCM22 3.1652 3.747 30.4414 13.2680 6.4770 9.9140 2.9420 541
XBCM05 XBCM23 3.3558 3.7413 30.2211 10.7930 6.3700 9.9140 2.9420 393
XBCM05 XBCM24 3.2476 3.7398 18.0941 14.2880 6.5230 9.9140 2.9420 627
XBCM05 XBCM25 3.4079 3.7134 25.6427 11.8110 6.7600 9.9140 2.9420 473
XBCM05 XBCM26 3.2864 3.7477 15.49 13.5480 7.2650 9.9140 2.9420 627
XBCM05 XBCM27 3.2923 3.6647 11.0084 12.6670 7.3590 9.9140 2.9420 578
XBCM05 XBCM28 3.2597 3.7049 11.9768 13.2370 8.4690 9.9140 2.9420 716
XBCM05 XBCM29 3.2899 3.7223 18.0761 13.3850 9.3470 9.9140 2.9420 809
XBCM05 XBCM30 3.4229 3.7263 19.7699 13.9500 9.7570 9.9140 2.9420 879
XBCM05 XBCM31 3.2939 3.7167 19.4946 15.2620 10.3270 9.9140 2.9420 1011
XBCM05 XBCM32 3.45 3.7362 7.9428 14.3720 10.6190 9.9140 2.9420 985
XBCM06 XBCM07 3.2123 3.734 76.636 11.4560 3.8700 11.2680 2.3850 166
XBCM06 XBCM08 2.8054 2.7861 8.8331 9.8630 3.9090 11.2680 2.3850 230
XBCM06 XBCM09 3.2123 3.6898 33.0506 9.3280 4.2340 11.2680 2.3850 297
XBCM06 XBCM10 3.3009 3.7237 59.0079 10.6190 4.2230 11.2680 2.3850 216
XBCM06 XBCM11 3.1543 3.7269 51.4242 13.1880 3.9800 11.2680 2.3850 277
XBCM06 XBCM12 3.2645 3.7343 79.6511 11.6340 4.4810 11.2680 2.3850 236
XBCM06 XBCM13 3.2366 3.6765 39.4048 9.4620 4.5880 11.2680 2.3850 316
XBCM06 XBCM14 3.3703 3.7274 30.023 14.3580 4.4220 11.2680 2.3850 411
XBCM06 XBCM15 3.377 3.6857 33.0234 9.9330 5.0340 11.2680 2.3850 329
XBCM06 XBCM16 3.2802 2.9644 25.7713 10.5720 5.4800 11.2680 2.3850 352
XBCM06 XBCM17 3.2438 3.7308 37.3411 12.3120 5.5460 11.2680 2.3850 370
XBCM06 XBCM18 3.3091 3.7198 82.3394 9.3550 5.7230 11.2680 2.3850 427
XBCM06 XBCM19 3.3128 3.7042 63.0874 11.2320 5.9750 11.2680 2.3850 399
XBCM06 XBCM20 3.2916 3.6711 70.6902 10.0540 6.2250 11.2680 2.3850 447
XBCM06 XBCM21 3.2052 3.7322 41.4194 12.6200 6.4670 11.2680 2.3850 478
XBCM06 XBCM22 3.2155 3.7517 35.6952 13.2680 6.4770 11.2680 2.3850 506
XBCM06 XBCM23 3.2323 3.6865 72.0819 10.7930 6.3700 11.2680 2.3850 446
XBCM06 XBCM24 3.2318 3.7074 42.0721 14.2880 6.5230 11.2680 2.3850 569
XBCM06 XBCM25 3.2936 3.7097 33.1661 11.8110 6.7600 11.2680 2.3850 490
XBCM06 XBCM26 3.2888 3.701 40.9685 13.5480 7.2650 11.2680 2.3850 598
XBCM06 XBCM27 3.2547 3.727 20.1188 12.6670 7.3590 11.2680 2.3850 574
XBCM06 XBCM28 3.2092 3.7255 45.9392 13.2370 8.4690 11.2680 2.3850 710
XBCM06 XBCM29 3.3554 3.7108 30.5817 13.3850 9.3470 11.2680 2.3850 808
XBCM06 XBCM30 3.3262 3.741 38.9341 13.9500 9.7570 11.2680 2.3850 871
XBCM06 XBCM31 3.3334 3.725 24.2658 15.2620 10.3270 11.2680 2.3850 987
XBCM07 XBCM08 3.1411 3.8141 20.316 9.8630 3.9090 11.4560 3.8700 176
XBCM07 XBCM09 3.3416 3.6831 96.7488 9.3280 4.2340 11.4560 3.8700 239
XBCM07 XBCM10 3.0006 3.85 172.039 10.6190 4.2230 11.4560 3.8700 100
XBCM07 XBCM11 3.3147 3.62 99.0416 13.1880 3.9800 11.4560 3.8700 192
XBCM07 XBCM12 2.4904 4.2415 74.5727 11.6340 4.4810 11.4560 3.8700 70
XBCM07 XBCM13 3.4133 3.7582 26.8982 9.4620 4.5880 11.4560 3.8700 235
XBCM07 XBCM14 3.2404 3.7197 91.3564 14.3580 4.4220 11.4560 3.8700 327
XBCM07 XBCM15 3.2487 3.7399 68.2461 9.9330 5.0340 11.4560 3.8700 212
XBCM07 XBCM16 3.3084 3.6635 54.5966 10.5720 5.4800 11.4560 3.8700 204
XBCM07 XBCM18 3.1575 3.7531 67.2995 9.3550 5.7230 11.4560 3.8700 310
XBCM07 XBCM19 3.361 3.6965 50.1342 11.2320 5.9750 11.4560 3.8700 235
XBCM07 XBCM20 3.3136 3.6381 45.3505 10.0540 6.2250 11.4560 3.8700 304
XBCM07 XBCM21 3.1666 3.6967 50.2379 12.6200 6.4670 11.4560 3.8700 316
XBCM07 XBCM22 3.2353 3.7533 26.7441 13.2680 6.4770 11.4560 3.8700 352
XBCM07 XBCM23 3.2227 3.6743 46.7563 10.7930 6.3700 11.4560 3.8700 287
XBCM07 XBCM24 3.1981 3.7531 40.1121 14.2880 6.5230 11.4560 3.8700 430
XBCM07 XBCM25 3.3688 3.678 63.547 11.8110 6.7600 11.4560 3.8700 323
XBCM07 XBCM26 3.3052 3.6891 37.7464 13.5480 7.2650 11.4560 3.8700 442
XBCM07 XBCM27 3.2288 3.6891 20.4627 12.6670 7.3590 11.4560 3.8700 410
XBCM07 XBCM28 3.3069 3.7249 27.3652 13.2370 8.4690 11.4560 3.8700 548
XBCM07 XBCM29 3.2671 3.7117 28.8805 13.3850 9.3470 11.4560 3.8700 645
XBCM07 XBCM30 3.3459 3.7194 34.2937 13.9500 9.7570 11.4560 3.8700 710
XBCM07 XBCM31 3.2876 3.7382 29.0136 15.2620 10.3270 11.4560 3.8700 831
XBCM07 XBCM32 3.3981 3.7301 23.9942 14.3720 10.6190 11.4560 3.8700 816
XBCM08 XBCM10 3.2202 3.7555 115.7576 10.6190 4.2230 9.8630 3.9090 90
XBCM08 XBCM11 3.3055 3.7024 9.3564 13.1880 3.9800 9.8630 3.9090 369
XBCM08 XBCM12 3.4517 3.7417 15.6809 11.6340 4.4810 9.8630 3.9090 206
XBCM08 XBCM14 3.3815 3.7132 12.4839 14.3580 4.4220 9.8630 3.9090 501
XBCM08 XBCM15 3.4761 3.8782 93.2576 9.9330 5.0340 9.8630 3.9090 125
XBCM08 XBCM16 3.3458 3.8194 26.1083 10.5720 5.4800 9.8630 3.9090 191
XBCM08 XBCM18 2.9043 2.6383 4.6691 9.3550 5.7230 9.8630 3.9090 209
XBCM08 XBCM19 3.318 3.6478 11.0608 11.2320 5.9750 9.8630 3.9090 275
XBCM08 XBCM20 3.6182 3.6292 10.6911 10.0540 6.2250 9.8630 3.9090 258
XBCM08 XBCM21 3.1044 3.731 5.696 12.6200 6.4670 9.8630 3.9090 417
XBCM08 XBCM22 3.2408 3.7651 3.8277 13.2680 6.4770 9.8630 3.9090 473
XBCM08 XBCM23 3.0591 3.6956 8.6865 10.7930 6.3700 9.8630 3.9090 292
XBCM08 XBCM25 3.3632 3.7584 6.8379 11.8110 6.7600 9.8630 3.9090 383
XBCM08 XBCM31 3.2752 3.715 7.7275 15.2620 10.3270 9.8630 3.9090 929
XBCM09 XBCM10 3.1027 3.5714 68.5202 10.6190 4.2230 9.3280 4.2340 143
XBCM09 XBCM11 3.2147 3.7116 42.4285 13.1880 3.9800 9.3280 4.2340 429
XBCM09 XBCM12 3.409 3.6983 39.8566 11.6340 4.4810 9.3280 4.2340 257
XBCM09 XBCM13 2.7164 4.6523 67.8495 9.4620 4.5880 9.3280 4.2340 42
XBCM09 XBCM14 3.2688 3.7327 43.1821 14.3580 4.4220 9.3280 4.2340 558
XBCM09 XBCM15 2.9912 3.7606 83.1278 9.9330 5.0340 9.3280 4.2340 111
XBCM09 XBCM16 3.4529 3.6579 29.8574 10.5720 5.4800 9.3280 4.2340 195
XBCM09 XBCM17 3.3403 3.6805 29.2937 12.3120 5.5460 9.3280 4.2340 361
XBCM09 XBCM18 3.207 3.8442 48.2498 9.3550 5.7230 9.3280 4.2340 165
XBCM09 XBCM19 3.2504 3.6506 22.2231 11.2320 5.9750 9.3280 4.2340 286
XBCM09 XBCM21 3.436 3.6613 28.2345 12.6200 6.4670 9.3280 4.2340 441
XBCM09 XBCM22 3.325 3.6832 15.7328 13.2680 6.4770 9.3280 4.2340 502
XBCM09 XBCM23 3.2969 3.6734 33.9461 10.7930 6.3700 9.3280 4.2340 287
XBCM09 XBCM24 3.2826 3.6958 47.4941 14.2880 6.5230 9.3280 4.2340 605
XBCM09 XBCM25 3.1913 3.6391 13.5293 11.8110 6.7600 9.3280 4.2340 393
XBCM09 XBCM26 3.3555 3.6539 8.1304 13.5480 7.2650 9.3280 4.2340 575
XBCM09 XBCM27 3.2602 3.6513 7.1994 12.6670 7.3590 9.3280 4.2340 507
XBCM09 XBCM28 3.2733 3.6424 14.8422 13.2370 8.4690 9.3280 4.2340 639
XBCM09 XBCM29 3.3201 3.6725 18.4388 13.3850 9.3470 9.3280 4.2340 723
XBCM09 XBCM30 3.3107 3.6875 25.9774 13.9500 9.7570 9.3280 4.2340 798
XBCM09 XBCM32 3.3295 3.7034 21.9351 14.3720 10.6190 9.3280 4.2340 901
XBCM10 XBCM11 3.2999 3.7018 70.291 13.1880 3.9800 10.6190 4.2230 286
XBCM10 XBCM12 3.0576 3.702 201.4208 11.6340 4.4810 10.6190 4.2230 116
XBCM10 XBCM13 3.1934 3.7851 32.9739 9.4620 4.5880 10.6190 4.2230 134
XBCM10 XBCM14 3.2693 3.7264 68.2554 14.3580 4.4220 10.6190 4.2230 415
XBCM10 XBCM15 2.845 2.1995 100.8033 9.9330 5.0340 10.6190 4.2230 117
XBCM10 XBCM16 3.3725 3.6092 39.4319 10.5720 5.4800 10.6190 4.2230 139
XBCM10 XBCM17 3.2894 3.7153 60.8992 12.3120 5.5460 10.6190 4.2230 238
XBCM10 XBCM18 3.2686 3.7383 48.8094 9.3550 5.7230 10.6190 4.2230 217
XBCM10 XBCM19 3.4076 3.7379 59.2344 11.2320 5.9750 10.6190 4.2230 206
XBCM10 XBCM20 3.2368 3.6494 78.5284 10.0540 6.2250 10.6190 4.2230 231
XBCM10 XBCM21 3.2127 3.7558 51.1461 12.6200 6.4670 10.6190 4.2230 333
XBCM10 XBCM22 3.1589 3.7378 41.3868 13.2680 6.4770 10.6190 4.2230 385
XBCM10 XBCM23 3.1934 3.6324 53.5463 10.7930 6.3700 10.6190 4.2230 239
XBCM10 XBCM25 3.343 3.712 42.1896 11.8110 6.7600 10.6190 4.2230 311
XBCM10 XBCM26 3.1936 3.7069 54.5196 13.5480 7.2650 10.6190 4.2230 468
XBCM10 XBCM27 3.3477 3.6712 12.1328 12.6670 7.3590 10.6190 4.2230 415
XBCM10 XBCM28 3.2537 3.6948 24.1781 13.2370 8.4690 10.6190 4.2230 553
XBCM10 XBCM29 3.344 3.7019 15.1243 13.3850 9.3470 10.6190 4.2230 646
XBCM10 XBCM30 3.3336 3.7176 34.8562 13.9500 9.7570 10.6190 4.2230 716
XBCM10 XBCM31 3.3076 3.7318 15.0982 15.2620 10.3270 10.6190 4.2230 850
XBCM10 XBCM32 3.3606 3.7315 29.1458 14.3720 10.6190 10.6190 4.2230 822
XBCM11 XBCM12 3.1234 3.7143 71.7275 11.6340 4.4810 13.1880 3.9800 181
XBCM11 XBCM13 3.3683 3.701 18.4414 9.4620 4.5880 13.1880 3.9800 418
XBCM11 XBCM14 3.2623 3.7165 55.0146 14.3580 4.4220 13.1880 3.9800 138
XBCM11 XBCM15 3.437 3.6647 53.052 9.9330 5.0340 13.1880 3.9800 379
XBCM11 XBCM16 3.2195 3.7276 27.8615 10.5720 5.4800 13.1880 3.9800 334
XBCM11 XBCM17 3.1596 3.6936 82.1426 12.3120 5.5460 13.1880 3.9800 199
XBCM11 XBCM18 3.2416 3.7074 34.0655 9.3550 5.7230 13.1880 3.9800 466
XBCM11 XBCM19 3.1812 3.7057 36.295 11.2320 5.9750 13.1880 3.9800 310
XBCM11 XBCM21 3.1577 3.7385 64.9154 12.6200 6.4670 13.1880 3.9800 283
XBCM11 XBCM22 3.2153 3.6641 39.7322 13.2680 6.4770 13.1880 3.9800 277
XBCM11 XBCM23 3.217 3.673 49.7858 10.7930 6.3700 13.1880 3.9800 375
XBCM11 XBCM24 3.1751 3.6876 43.8768 14.2880 6.5230 13.1880 3.9800 307
XBCM11 XBCM25 3.2559 3.6929 56.865 11.8110 6.7600 13.1880 3.9800 344
XBCM11 XBCM26 3.1396 3.6706 31.579 13.5480 7.2650 13.1880 3.9800 367
XBCM11 XBCM27 3.2387 3.6828 42.2867 12.6670 7.3590 13.1880 3.9800 380
XBCM11 XBCM28 3.2457 3.6749 25.768 13.2370 8.4690 13.1880 3.9800 499
XBCM11 XBCM29 3.2403 3.7251 24.2074 13.3850 9.3470 13.1880 3.9800 597
XBCM11 XBCM30 3.2926 3.7142 27.032 13.9500 9.7570 13.1880 3.9800 648
XBCM11 XBCM31 3.2882 3.7156 27.6895 15.2620 10.3270 13.1880 3.9800 742
XBCM11 XBCM32 3.2855 3.7175 37.9877 14.3720 10.6190 13.1880 3.9800 749
XBCM12 XBCM13 3.3237 3.6499 24.0043 9.4620 4.5880 11.6340 4.4810 241
XBCM12 XBCM14 3.3026 3.6755 70.5684 14.3580 4.4220 11.6340 4.4810 302
XBCM12 XBCM15 3.2886 3.6674 123.8016 9.9330 5.0340 11.6340 4.4810 198
XBCM12 XBCM16 3.395 3.6833 21.3015 10.5720 5.4800 11.6340 4.4810 161
XBCM12 XBCM17 3.0504 2.3366 51.4485 12.3120 5.5460 11.6340 4.4810 140
XBCM12 XBCM18 3.3364 3.7008 60.9634 9.3550 5.7230 11.6340 4.4810 287
XBCM12 XBCM19 3.4129 3.6848 64.1366 11.2320 5.9750 11.6340 4.4810 172
XBCM12 XBCM20 3.0957 3.6761 36.7237 10.0540 6.2250 11.6340 4.4810 261
XBCM12 XBCM22 3.1906 3.7666 26.1527 13.2680 6.4770 11.6340 4.4810 286
XBCM12 XBCM23 3.3471 3.6432 61.2938 10.7930 6.3700 11.6340 4.4810 229
XBCM12 XBCM24 3.1249 3.7749 44.5175 14.2880 6.5230 11.6340 4.4810 371
XBCM12 XBCM25 3.2179 3.6813 70.9209 11.8110 6.7600 11.6340 4.4810 254
XBCM12 XBCM26 3.1937 3.7173 23.5645 13.5480 7.2650 11.6340 4.4810 375
XBCM12 XBCM27 3.2699 3.711 15.5274 12.6670 7.3590 11.6340 4.4810 339
XBCM12 XBCM28 3.3478 3.7148 33.9823 13.2370 8.4690 11.6340 4.4810 477
XBCM12 XBCM29 3.3513 3.6943 26.0198 13.3850 9.3470 11.6340 4.4810 574
XBCM12 XBCM30 3.3936 3.7092 37.0736 13.9500 9.7570 11.6340 4.4810 640
XBCM12 XBCM31 3.3633 3.7238 11.3407 15.2620 10.3270 11.6340 4.4810 763
XBCM12 XBCM32 3.3698 4.2115 29.5815 14.3720 10.6190 11.6340 4.4810 746
XBCM13 XBCM14 3.2909 3.7074 29.598 14.3580 4.4220 9.4620 4.5880 543
XBCM13 XBCM15 2.9007 4.1055 62.4923 9.9330 5.0340 9.4620 4.5880 72
XBCM13 XBCM17 3.3609 3.7246 20.4845 12.3120 5.5460 9.4620 4.5880 333
XBCM13 XBCM18 3.3698 3.8738 47.806 9.3550 5.7230 9.4620 4.5880 126
XBCM13 XBCM19 3.1815 3.6563 10.3968 11.2320 5.9750 9.4620 4.5880 249
XBCM13 XBCM20 3.0148 3.6963 17.3364 10.0540 6.2250 9.4620 4.5880 193
XBCM13 XBCM23 3.3821 3.6273 17.835 10.7930 6.3700 9.4620 4.5880 246
XBCM13 XBCM24 3.3529 3.7251 14.8478 14.2880 6.5230 9.4620 4.5880 575
XBCM13 XBCM25 3.455 3.6545 18.8579 11.8110 6.7600 9.4620 4.5880 354
XBCM13 XBCM26 3.3942 3.6687 13.5476 13.5480 7.2650 9.4620 4.5880 541
XBCM13 XBCM27 3.0968 3.6671 6.838 12.6670 7.3590 9.4620 4.5880 469
XBCM13 XBCM30 3.4379 3.7049 10.1883 13.9500 9.7570 9.4620 4.5880 758
XBCM13 XBCM32 3.3687 3.7047 7.5654 14.3720 10.6190 9.4620 4.5880 861
XBCM14 XBCM15 3.277 3.6852 69.3908 9.9330 5.0340 14.3580 4.4220 495
XBCM14 XBCM16 3.2543 3.6536 38.4566 10.5720 5.4800 14.3580 4.4220 435
XBCM14 XBCM17 3.1346 3.7222 57.2879 12.3120 5.5460 14.3580 4.4220 258
XBCM14 XBCM18 3.3207 3.6668 50.2821 9.3550 5.7230 14.3580 4.4220 572
XBCM14 XBCM19 3.2364 3.6908 51.2592 11.2320 5.9750 14.3580 4.4220 386
XBCM14 XBCM20 3.1753 3.6755 58.4498 10.0540 6.2250 14.3580 4.4220 517
XBCM14 XBCM21 3.2384 3.6422 32.5031 12.6200 6.4670 14.3580 4.4220 297
XBCM14 XBCM22 3.2612 3.6377 54.6462 13.2680 6.4770 14.3580 4.4220 258
XBCM14 XBCM23 3.26 3.6849 40.3701 10.7930 6.3700 14.3580 4.4220 450
XBCM14 XBCM24 3.2735 3.6803 40.5992 14.2880 6.5230 14.3580 4.4220 233
XBCM14 XBCM25 3.1036 3.6895 39.9885 11.8110 6.7600 14.3580 4.4220 383
XBCM14 XBCM27 3.2056 3.6537 35.9315 12.6670 7.3590 14.3580 4.4220 376
XBCM14 XBCM28 3.1989 3.6983 33.3824 13.2370 8.4690 14.3580 4.4220 466
XBCM14 XBCM29 3.3587 3.7368 23.1678 13.3850 9.3470 14.3580 4.4220 558
XBCM14 XBCM30 3.2276 3.7119 30.5841 13.9500 9.7570 14.3580 4.4220 595
XBCM14 XBCM32 3.2144 3.699 18.9271 14.3720 10.6190 14.3580 4.4220 689
XBCM15 XBCM16 3.1499 3.9001 164.8683 10.5720 5.4800 9.9330 5.0340 86
XBCM15 XBCM17 3.1954 3.6967 69.2089 12.3120 5.5460 9.9330 5.0340 269
XBCM15 XBCM18 2.9102 3.8523 155.7434 9.3550 5.7230 9.9330 5.0340 99
XBCM15 XBCM19 3.326 3.6717 87.9225 11.2320 5.9750 9.9330 5.0340 177
XBCM15 XBCM20 3.4512 3.6666 74.4476 10.0540 6.2250 9.9330 5.0340 133
XBCM15 XBCM21 3.4365 3.6359 48.576 12.6200 6.4670 9.9330 5.0340 337
XBCM15 XBCM22 3.3366 3.6547 52.5437 13.2680 6.4770 9.9330 5.0340 402
XBCM15 XBCM23 3.1504 3.6172 108.5483 10.7930 6.3700 9.9330 5.0340 176
XBCM15 XBCM25 3.3107 3.6733 31.6153 11.8110 6.7600 9.9330 5.0340 282
XBCM15 XBCM26 3.3945 3.6815 34.5593 13.5480 7.2650 9.9330 5.0340 470
XBCM15 XBCM28 3.1919 3.6605 29.8742 13.2370 8.4690 9.9330 5.0340 528
XBCM15 XBCM29 3.3095 3.6587 19.4147 13.3850 9.3470 9.9330 5.0340 612
XBCM15 XBCM30 3.3604 3.6521 46.7326 13.9500 9.7570 9.9330 5.0340 687
XBCM15 XBCM31 3.3504 3.7068 27.7302 15.2620 10.3270 9.9330 5.0340 831
XBCM15 XBCM32 3.366 3.6643 29.8231 14.3720 10.6190 9.9330 5.0340 790
XBCM16 XBCM17 3.2228 3.6225 57.9208 12.3120 5.5460 10.5720 5.4800 192
XBCM16 XBCM18 3.2746 3.6382 36.1228 9.3550 5.7230 10.5720 5.4800 137
XBCM16 XBCM19 2.8656 3.9086 155.4291 11.2320 5.9750 10.5720 5.4800 91
XBCM16 XBCM20 2.8142 3.8294 144.2055 10.0540 6.2250 10.5720 5.4800 100
XBCM16 XBCM21 3.3785 3.6216 29.4001 12.6200 6.4670 10.5720 5.4800 251
XBCM16 XBCM23 2.6792 2.054 199.1055 10.7930 6.3700 10.5720 5.4800 101
XBCM16 XBCM24 3.129 3.7138 12.2113 14.2880 6.5230 10.5720 5.4800 427
XBCM16 XBCM25 3.4709 3.6444 46.1915 11.8110 6.7600 10.5720 5.4800 197
XBCM16 XBCM26 3.4233 3.7057 19.4965 13.5480 7.2650 10.5720 5.4800 384
XBCM16 XBCM27 3.2484 3.6244 12.3408 12.6670 7.3590 10.5720 5.4800 311
XBCM16 XBCM29 3.3399 3.6606 27.959 13.3850 9.3470 10.5720 5.4800 530
XBCM16 XBCM30 3.2309 3.699 30.125 13.9500 9.7570 10.5720 5.4800 604
XBCM16 XBCM31 3.3486 3.6964 14.3734 15.2620 10.3270 10.5720 5.4800 746
XBCM16 XBCM32 3.3127 3.6995 19.463 14.3720 10.6190 10.5720 5.4800 708
XBCM17 XBCM18 3.3271 3.6492 54.984 9.3550 5.7230 12.3120 5.5460 327
XBCM17 XBCM19 2.8669 2.2358 131.6678 11.2320 5.9750 12.3120 5.5460 128
XBCM17 XBCM20 3.2581 3.5777 60.9612 10.0540 6.2250 12.3120 5.5460 260
XBCM17 XBCM21 3.0043 3.8452 211.1857 12.6200 6.4670 12.3120 5.5460 107
XBCM17 XBCM22 3.0642 3.7039 38.9777 13.2680 6.4770 12.3120 5.5460 148
XBCM17 XBCM23 3.3032 3.5917 103.1306 10.7930 6.3700 12.3120 5.5460 191
XBCM17 XBCM24 3.1147 3.6906 21.886 14.2880 6.5230 12.3120 5.5460 244
XBCM17 XBCM25 2.7928 2.3561 56.0623 11.8110 6.7600 12.3120 5.5460 145
XBCM17 XBCM26 3.1129 3.6995 55.308 13.5480 7.2650 12.3120 5.5460 234
XBCM17 XBCM27 3.1324 3.7094 47.4411 12.6670 7.3590 12.3120 5.5460 205
XBCM17 XBCM28 3.2551 3.6964 25.7291 13.2370 8.4690 12.3120 5.5460 340
XBCM17 XBCM29 3.1896 3.6983 18.9884 13.3850 9.3470 12.3120 5.5460 439
XBCM17 XBCM30 3.2915 3.7493 24.23 13.9500 9.7570 12.3120 5.5460 501
XBCM17 XBCM31 3.3219 3.7369 42.4615 15.2620 10.3270 12.3120 5.5460 623
XBCM17 XBCM32 3.3699 3.7506 20.4496 14.3720 10.6190 12.3120 5.5460 608
XBCM18 XBCM21 3.164 3.6184 29.7358 12.6200 6.4670 9.3550 5.7230 370
XBCM18 XBCM23 3.1511 3.5969 64.1049 10.7930 6.3700 9.3550 5.7230 174
XBCM18 XBCM24 3.2883 3.66 68.0995 14.2880 6.5230 9.3550 5.7230 552
XBCM18 XBCM25 3.217 3.5779 24.0344 11.8110 6.7600 9.3550 5.7230 295
XBCM18 XBCM26 3.2162 3.6316 45.0287 13.5480 7.2650 9.3550 5.7230 494
XBCM18 XBCM27 3.198 3.615 23.0173 12.6670 7.3590 9.3550 5.7230 408
XBCM18 XBCM30 3.7303 3.7176 19.9509 13.9500 9.7570 9.3550 5.7230 676
XBCM18 XBCM31 3.2348 3.6932 20.6181 15.2620 10.3270 9.3550 5.7230 827
XBCM19 XBCM20 2.9992 3.5532 68.1118 10.0540 6.2250 11.2320 5.9750 133
XBCM19 XBCM22 3.2625 3.69 59.0616 13.2680 6.4770 11.2320 5.9750 231
XBCM19 XBCM23 2.5947 3.9175 105.8329 10.7930 6.3700 11.2320 5.9750 65
XBCM19 XBCM25 2.8636 2.0901 102.4984 11.8110 6.7600 11.2320 5.9750 108
XBCM19 XBCM27 3.727 3.6901 16.6449 12.6670 7.3590 11.2320 5.9750 220
XBCM19 XBCM28 3.2031 3.6533 30.7393 13.2370 8.4690 11.2320 5.9750 354
XBCM19 XBCM29 3.3479 3.6853 42.105 13.3850 9.3470 11.2320 5.9750 443
XBCM19 XBCM30 3.2274 3.7083 26.6755 13.9500 9.7570 11.2320 5.9750 516
XBCM19 XBCM32 3.2788 3.7115 23.8964 14.3720 10.6190 11.2320 5.9750 621
XBCM20 XBCM21 3.2098 3.6209 71.3913 12.6200 6.4670 10.0540 6.2250 284
XBCM20 XBCM22 3.2417 3.6364 59.5761 13.2680 6.4770 10.0540 6.2250 356
XBCM20 XBCM23 2.6547 3.5693 157.0082 10.7930 6.3700 10.0540 6.2250 83
XBCM20 XBCM24 3.2366 3.6518 20.4113 14.2880 6.5230 10.0540 6.2250 469
XBCM20 XBCM25 3.1506 3.6072 37.0222 11.8110 6.7600 10.0540 6.2250 203
XBCM20 XBCM27 3.1391 3.5592 26.8015 12.6670 7.3590 10.0540 6.2250 314
XBCM20 XBCM28 3.4145 3.6532 31.9234 13.2370 8.4690 10.0540 6.2250 430
XBCM20 XBCM29 3.4728 3.7105 17.0245 13.3850 9.3470 10.0540 6.2250 505
XBCM20 XBCM30 3.5333 3.7101 35.8148 13.9500 9.7570 10.0540 6.2250 581
XBCM20 XBCM31 3.4196 3.6974 21.8532 15.2620 10.3270 10.0540 6.2250 732
XBCM21 XBCM22 2.5033 3.6822 253.5836 13.2680 6.4770 12.6200 6.4670 71
XBCM21 XBCM23 3.2725 3.6078 83.7075 10.7930 6.3700 12.6200 6.4670 202
XBCM21 XBCM24 3.183 3.6487 90.2415 14.2880 6.5230 12.6200 6.4670 184
XBCM21 XBCM25 3.0508 3.7801 180.3083 11.8110 6.7600 12.6200 6.4670 95
XBCM21 XBCM26 2.8881 2.325 77.7964 13.5480 7.2650 12.6200 6.4670 135
XBCM21 XBCM27 2.5694 3.8414 193.3939 12.6670 7.3590 12.6200 6.4670 99
XBCM21 XBCM28 3.3662 3.6674 44.6325 13.2370 8.4690 12.6200 6.4670 232
XBCM21 XBCM29 3.3561 3.7571 38.7855 13.3850 9.3470 12.6200 6.4670 331
XBCM21 XBCM30 3.4572 3.715 60.2044 13.9500 9.7570 12.6200 6.4670 394
XBCM21 XBCM31 3.2909 3.7494 32.311 15.2620 10.3270 12.6200 6.4670 518
XBCM22 XBCM23 3.2953 3.6306 62.0712 10.7930 6.3700 13.2680 6.4770 273
XBCM22 XBCM24 3.0407 3.6106 123.7481 14.2880 6.5230 13.2680 6.4770 112
XBCM22 XBCM25 3.1631 3.6155 60.9741 11.8110 6.7600 13.2680 6.4770 164
XBCM22 XBCM27 2.8373 3.8181 193.2717 12.6670 7.3590 13.2680 6.4770 118
XBCM22 XBCM28 3.3119 3.698 50.794 13.2370 8.4690 13.2680 6.4770 221
XBCM22 XBCM29 3.3548 3.6764 29.6508 13.3850 9.3470 13.2680 6.4770 319
XBCM22 XBCM31 3.3513 3.7187 22.7419 15.2620 10.3270 13.2680 6.4770 481
XBCM22 XBCM32 3.4818 3.6837 21.7353 14.3720 10.6190 13.2680 6.4770 476
XBCM23 XBCM24 3.3142 3.6474 49.9787 14.2880 6.5230 10.7930 6.3700 386
XBCM23 XBCM25 2.9795 3.7036 87.5914 11.8110 6.7600 10.7930 6.3700 120
XBCM23 XBCM26 3.1077 3.6324 28.5741 13.5480 7.2650 10.7930 6.3700 320
XBCM23 XBCM27 3.1034 3.5963 32.4658 12.6670 7.3590 10.7930 6.3700 234
XBCM23 XBCM28 3.3034 3.6335 34.8859 13.2370 8.4690 10.7930 6.3700 356
XBCM23 XBCM29 3.1713 3.6837 36.5806 13.3850 9.3470 10.7930 6.3700 437
XBCM23 XBCM30 3.1861 3.6976 27.9628 13.9500 9.7570 10.7930 6.3700 512
XBCM23 XBCM31 3.3143 3.7065 30.0622 15.2620 10.3270 10.7930 6.3700 659
XBCM23 XBCM32 3.2148 3.7148 20.3046 14.3720 10.6190 10.7930 6.3700 615
XBCM24 XBCM25 3.3348 3.6074 53.2747 11.8110 6.7600 14.2880 6.5230 274
XBCM24 XBCM26 2.8888 3.8337 208.2557 13.5480 7.2650 14.2880 6.5230 116
XBCM24 XBCM27 3.1357 3.5994 47.6909 12.6670 7.3590 14.2880 6.5230 201
XBCM24 XBCM28 3.3667 3.6051 36.8189 13.2370 8.4690 14.2880 6.5230 245
XBCM24 XBCM31 3.3134 3.7137 35.0037 15.2620 10.3270 14.2880 6.5230 436
XBCM24 XBCM32 3.2389 3.6895 28.2192 14.3720 10.6190 14.2880 6.5230 455
XBCM25 XBCM26 3.162 3.6717 37.0254 13.5480 7.2650 11.8110 6.7600 199
XBCM25 XBCM27 2.9502 3.7222 57.0712 12.6670 7.3590 11.8110 6.7600 115
XBCM25 XBCM29 3.2669 3.7152 31.3054 13.3850 9.3470 11.8110 6.7600 335
XBCM25 XBCM31 3.2929 3.7126 38.6828 15.2620 10.3270 11.8110 6.7600 549
XBCM25 XBCM32 3.3528 3.7346 38.5172 14.3720 10.6190 11.8110 6.7600 513
XBCM26 XBCM27 2.8741 3.67 155.9793 12.6670 7.3590 13.5480 7.2650 97
XBCM26 XBCM28 3.422 3.6742 114.6646 13.2370 8.4690 13.5480 7.2650 138
XBCM26 XBCM29 3.4292 3.7293 46.6807 13.3850 9.3470 13.5480 7.2650 232
XBCM26 XBCM30 3.3163 3.7664 60.3643 13.9500 9.7570 13.5480 7.2650 280
XBCM26 XBCM31 3.3423 3.7528 24.9221 15.2620 10.3270 13.5480 7.2650 389
XBCM26 XBCM32 3.4768 3.7706 40.5531 14.3720 10.6190 13.5480 7.2650 383
XBCM27 XBCM28 2.7472 2.3199 54.3068 13.2370 8.4690 12.6670 7.3590 138
XBCM27 XBCM29 3.3661 3.7222 14.3962 13.3850 9.3470 12.6670 7.3590 234
XBCM27 XBCM31 3.3868 3.7551 15.736 15.2620 10.3270 12.6670 7.3590 436
XBCM27 XBCM32 3.5225 3.7764 18.5212 14.3720 10.6190 12.6670 7.3590 408
XBCM28 XBCM29 3.1674 3.9172 198.2589 13.3850 9.3470 13.2370 8.4690 99
XBCM28 XBCM30 3.3266 3.7634 58.1981 13.9500 9.7570 13.2370 8.4690 163
XBCM28 XBCM31 3.3897 3.7836 24.1448 15.2620 10.3270 13.2370 8.4690 303
XBCM28 XBCM32 3.3264 3.7519 33.7386 14.3720 10.6190 13.2370 8.4690 269
XBCM29 XBCM30 2.739 4.0874 178.9388 13.9500 9.7570 13.3850 9.3470 76
XBCM29 XBCM31 3.2604 3.7894 26.2788 15.2620 10.3270 13.3850 9.3470 232
XBCM29 XBCM32 3.5407 3.8096 86.3521 14.3720 10.6190 13.3850 9.3470 178
XBCM30 XBCM31 3.3101 3.8064 46.3981 15.2620 10.3270 13.9500 9.7570 157
XBCM30 XBCM32 2.9918 3.8321 208.8306 14.3720 10.6190 13.9500 9.7570 106
XBCM31 XBCM32 3.0027 3.7821 266.5756 14.3720 10.6190 15.2620 10.3270 102
