XBCM01 XBCM02 3.5169 3.8785 36.863 13.2890 2.6980 9.8340 2.3890 385
XBCM01 XBCM03 3.3153 3.9119 28.3593 15.0340 3.5190 9.8340 2.3890 591
XBCM01 XBCM04 3.2238 3.93 63.248 11.9590 2.9790 9.8340 2.3890 245
XBCM01 XBCM06 3.2509 3.891 154.5268 11.2680 2.3850 9.8340 2.3890 159
XBCM01 XBCM07 3.3053 3.9333 34.8602 11.4560 3.8700 9.8340 2.3890 244
XBCM01 XBCM10 3.4156 3.8589 42.7631 10.6190 4.2230 9.8340 2.3890 221
XBCM01 XBCM12 3.196 3.9016 33.7836 11.6340 4.4810 9.8340 2.3890 306
XBCM01 XBCM13 3.4459 3.7488 8.7652 9.4620 4.5880 9.8340 2.3890 248
XBCM01 XBCM14 3.3079 3.9184 19.0196 14.3580 4.4220 9.8340 2.3890 550
XBCM01 XBCM15 3.0064 3.8105 35.8405 9.9330 5.0340 9.8340 2.3890 294
XBCM01 XBCM17 3.3272 3.8733 18.0121 12.3120 5.5460 9.8340 2.3890 445
XBCM01 XBCM18 3.593 3.8473 32.2497 9.3550 5.7230 9.8340 2.3890 374
XBCM01 XBCM19 3.454 3.8432 23.9326 11.2320 5.9750 9.8340 2.3890 427
XBCM01 XBCM20 3.626 3.828 32.2281 10.0540 6.2250 9.8340 2.3890 427
XBCM01 XBCM21 3.4096 3.1535 15.3178 12.6200 6.4670 9.8340 2.3890 548
XBCM01 XBCM22 3.2923 3.9395 12.3009 13.2680 6.4770 9.8340 2.3890 593
XBCM01 XBCM23 3.2509 3.8004 13.2464 10.7930 6.3700 9.8340 2.3890 455
XBCM01 XBCM25 3.7707 3.8388 12.0158 11.8110 6.7600 9.8340 2.3890 533
XBCM01 XBCM26 3.5811 3.8433 15.3585 13.5480 7.2650 9.8340 2.3890 680
XBCM01 XBCM27 3.5226 3.8464 14.6422 12.6670 7.3590 9.8340 2.3890 635
XBCM01 XBCM28 3.5459 3.8354 7.0528 13.2370 8.4690 9.8340 2.3890 774
XBCM01 XBCM29 3.4184 3.8463 12.3396 13.3850 9.3470 9.8340 2.3890 867
XBCM01 XBCM30 3.4121 3.8459 20.0412 13.9500 9.7570 9.8340 2.3890 937
XBCM01 XBCM31 3.3874 3.8942 8.8561 15.2620 10.3270 9.8340 2.3890 1067
XBCM01 XBCM32 3.5726 3.855 17.1122 14.3720 10.6190 9.8340 2.3890 1043
XBCM02 XBCM04 3.0758 3.8776 96.4642 11.9590 2.9790 13.2890 2.6980 151
XBCM02 XBCM05 3.5172 3.8758 32.1255 9.9140 2.9420 13.2890 2.6980 375
XBCM02 XBCM06 3.3207 3.9204 35.5378 11.2680 2.3850 13.2890 2.6980 227
XBCM02 XBCM07 3.4213 3.9533 24.86 11.4560 3.8700 13.2890 2.6980 241
XBCM02 XBCM09 3.6168 3.8654 29.687 9.3280 4.2340 13.2890 2.6980 471
XBCM02 XBCM13 3.6116 3.9262 9.2317 9.4620 4.5880 13.2890 2.6980 473
XBCM02 XBCM14 3.3131 3.864 27.6984 14.3580 4.4220 13.2890 2.6980 225
XBCM02 XBCM15 3.3086 3.901 17.8256 9.9330 5.0340 13.2890 2.6980 454
XBCM02 XBCM17 3.3468 3.8988 25.7154 12.3120 5.5460 13.2890 2.6980 334
XBCM02 XBCM18 3.5822 3.9023 16.7048 9.3550 5.7230 13.2890 2.6980 551
XBCM02 XBCM19 3.4786 3.8501 11.9741 11.2320 5.9750 13.2890 2.6980 429
XBCM02 XBCM20 3.4491 3.8326 15.6677 10.0540 6.2250 13.2890 2.6980 531
XBCM02 XBCM21 3.4312 3.8854 25.6739 12.6200 6.4670 13.2890 2.6980 425
XBCM02 XBCM23 3.6736 3.7959 16.595 10.7930 6.3700 13.2890 2.6980 493
XBCM02 XBCM24 3.1722 3.8518 7.4662 14.2880 6.5230 13.2890 2.6980 439
XBCM02 XBCM25 3.6587 3.8151 16.0182 11.8110 6.7600 13.2890 2.6980 480
XBCM02 XBCM26 3.2144 3.8719 14.5749 13.5480 7.2650 13.2890 2.6980 508
XBCM02 XBCM27 3.8891 3.8798 8.1987 12.6670 7.3590 13.2890 2.6980 523
XBCM02 XBCM28 3.3754 3.8686 12.6858 13.2370 8.4690 13.2890 2.6980 641
XBCM02 XBCM29 3.5146 3.9183 14.1845 13.3850 9.3470 13.2890 2.6980 739
XBCM02 XBCM30 3.5808 3.9025 20.3424 13.9500 9.7570 13.2890 2.6980 788
XBCM02 XBCM32 3.6135 3.8849 16.6753 14.3720 10.6190 13.2890 2.6980 889
XBCM03 XBCM04 3.3461 3.934 38.7762 11.9590 2.9790 15.0340 3.5190 346
XBCM03 XBCM05 3.3524 3.9001 13.7971 9.9140 2.9420 15.0340 3.5190 572
XBCM03 XBCM06 3.3485 3.9217 41.959 11.2680 2.3850 15.0340 3.5190 436
XBCM03 XBCM07 3.4461 3.8264 58.0158 11.4560 3.8700 15.0340 3.5190 399
XBCM03 XBCM09 3.7876 3.8279 24.4322 9.3280 4.2340 15.0340 3.5190 638
XBCM03 XBCM10 3.3381 3.8742 60.858 10.6190 4.2230 15.0340 3.5190 496
XBCM03 XBCM11 3.3312 3.8219 55.6725 13.1880 3.9800 15.0340 3.5190 211
XBCM03 XBCM12 3.3483 3.8616 45.0372 11.6340 4.4810 15.0340 3.5190 392
XBCM03 XBCM13 3.7656 3.7976 13.303 9.4620 4.5880 15.0340 3.5190 629
XBCM03 XBCM14 3.1822 4.2282 49.959 14.3580 4.4220 15.0340 3.5190 125
XBCM03 XBCM15 3.3987 3.8255 23.595 9.9330 5.0340 15.0340 3.5190 590
XBCM03 XBCM17 3.2476 3.9961 22.3218 12.3120 5.5460 15.0340 3.5190 376
XBCM03 XBCM18 3.4131 3.8794 28.9332 9.3550 5.7230 15.0340 3.5190 675
XBCM03 XBCM19 3.5641 3.8751 32.1317 11.2320 5.9750 15.0340 3.5190 502
XBCM03 XBCM20 3.4692 3.843 27.3745 10.0540 6.2250 15.0340 3.5190 628
XBCM03 XBCM21 3.4488 3.8428 19.6016 12.6200 6.4670 15.0340 3.5190 423
XBCM03 XBCM22 3.5289 3.7664 18.6149 13.2680 6.4770 15.0340 3.5190 382
XBCM03 XBCM23 3.401 3.8657 27.6545 10.7930 6.3700 15.0340 3.5190 566
XBCM03 XBCM24 3.3419 3.9225 22.1039 14.2880 6.5230 15.0340 3.5190 344
XBCM03 XBCM25 3.4257 3.848 17.8963 11.8110 6.7600 15.0340 3.5190 507
XBCM03 XBCM26 3.2078 3.8084 10.0219 13.5480 7.2650 15.0340 3.5190 447
XBCM03 XBCM27 3.4571 3.8148 28.2267 12.6670 7.3590 15.0340 3.5190 501
XBCM03 XBCM28 3.5056 3.8426 11.6331 13.2370 8.4690 15.0340 3.5190 585
XBCM03 XBCM29 3.7984 3.8315 16.0768 13.3850 9.3470 15.0340 3.5190 673
XBCM03 XBCM30 3.547 3.8382 25.8085 13.9500 9.7570 15.0340 3.5190 704
XBCM03 XBCM31 3.4282 3.8657 14.8275 15.2620 10.3270 15.0340 3.5190 757
XBCM03 XBCM32 3.3828 3.8397 13.394 14.3720 10.6190 15.0340 3.5190 793
XBCM04 XBCM05 3.4015 3.8917 47.5559 9.9140 2.9420 11.9590 2.9790 227
XBCM04 XBCM06 2.7461 4.5663 157.1178 11.2680 2.3850 11.9590 2.9790 101
XBCM04 XBCM07 2.9589 4.4327 161.0486 11.4560 3.8700 11.9590 2.9790 113
XBCM04 XBCM08 3.4072 4.1264 24.203 9.8630 3.9090 11.9590 2.9790 254
XBCM04 XBCM10 3.1327 4.1188 50.8332 10.6190 4.2230 11.9590 2.9790 203
XBCM04 XBCM11 2.9629 4.1077 63.3461 13.1880 3.9800 11.9590 2.9790 176
XBCM04 XBCM12 3.8771 3.7491 112.732 11.6340 4.4810 11.9590 2.9790 170
XBCM04 XBCM13 3.0713 2.9734 6.0419 9.4620 4.5880 11.9590 2.9790 329
XBCM04 XBCM15 3.3502 3.8711 48.2868 9.9330 5.0340 11.9590 2.9790 320
XBCM04 XBCM17 3.1776 3.9728 51.8586 12.3120 5.5460 11.9590 2.9790 288
XBCM04 XBCM18 3.2118 3.8278 18.7359 9.3550 5.7230 11.9590 2.9790 420
XBCM04 XBCM19 3.8585 3.7894 12.4899 11.2320 5.9750 11.9590 2.9790 342
XBCM04 XBCM21 3.2786 3.9895 18.5939 12.6200 6.4670 11.9590 2.9790 394
XBCM04 XBCM23 3.4798 3.8143 33.6893 10.7930 6.3700 11.9590 2.9790 398
XBCM04 XBCM24 3.264 3.907 18.1623 14.2880 6.5230 11.9590 2.9790 471
XBCM04 XBCM25 3.4011 3.8922 21.8427 11.8110 6.7600 11.9590 2.9790 420
XBCM04 XBCM26 3.6129 3.8706 28.8979 13.5480 7.2650 11.9590 2.9790 508
XBCM04 XBCM27 3.0603 3.9005 8.1578 12.6670 7.3590 11.9590 2.9790 493
XBCM04 XBCM28 3.5801 3.8805 11.3246 13.2370 8.4690 11.9590 2.9790 626
XBCM04 XBCM29 3.7072 3.8096 10.4742 13.3850 9.3470 11.9590 2.9790 725
XBCM04 XBCM30 3.4717 3.8017 19.4474 13.9500 9.7570 11.9590 2.9790 785
XBCM04 XBCM31 3.4279 3.8814 16.5076 15.2620 10.3270 11.9590 2.9790 894
XBCM05 XBCM06 3.3725 3.9534 97.463 11.2680 2.3850 9.9140 2.9420 162
XBCM05 XBCM07 3.1579 4.0072 73.2173 11.4560 3.8700 9.9140 2.9420 199
XBCM05 XBCM11 3.2757 3.9015 39.9813 13.1880 3.9800 9.9140 2.9420 381
XBCM05 XBCM12 3.3861 3.9479 48.4697 11.6340 4.4810 9.9140 2.9420 256
XBCM05 XBCM13 3.8399 3.8005 8.6751 9.4620 4.5880 9.9140 2.9420 189
XBCM05 XBCM14 3.3244 3.9117 20.5859 14.3580 4.4220 9.9140 2.9420 520
XBCM05 XBCM15 3.4086 3.9321 53.4372 9.9330 5.0340 9.9140 2.9420 232
XBCM05 XBCM16 3.0704 3.9274 14.6571 10.5720 5.4800 9.9140 2.9420 291
XBCM05 XBCM17 3.746 3.9087 16.5112 12.3120 5.5460 9.9140 2.9420 393
XBCM05 XBCM18 3.5571 3.8717 23.5396 9.3550 5.7230 9.9140 2.9420 315
XBCM05 XBCM19 3.8817 3.7829 18.8179 11.2320 5.9750 9.9140 2.9420 367
XBCM05 XBCM20 3.3219 3.8332 14.4099 10.0540 6.2250 9.9140 2.9420 365
XBCM05 XBCM21 3.4675 3.9291 12.5399 12.6200 6.4670 9.9140 2.9420 493
XBCM05 XBCM22 3.441 3.9579 13.2077 13.2680 6.4770 9.9140 2.9420 541
XBCM05 XBCM23 3.6444 3.8518 16.2558 10.7930 6.3700 9.9140 2.9420 393
XBCM05 XBCM24 3.5304 3.8983 9.06 14.2880 6.5230 9.9140 2.9420 627
XBCM05 XBCM25 3.3397 3.8274 9.2394 11.8110 6.7600 9.9140 2.9420 473
XBCM05 XBCM27 3.5661 3.7825 5.5907 12.6670 7.3590 9.9140 2.9420 578
XBCM05 XBCM28 3.5157 3.8352 6.517 13.2370 8.4690 9.9140 2.9420 716
XBCM05 XBCM29 3.6255 3.8372 9.1795 13.3850 9.3470 9.9140 2.9420 809
XBCM05 XBCM30 3.5681 3.8228 8.4022 13.9500 9.7570 9.9140 2.9420 879
XBCM05 XBCM31 3.5711 3.8334 7.2719 15.2620 10.3270 9.9140 2.9420 1011
XBCM05 XBCM32 3.5889 3.8216 2.8834 14.3720 10.6190 9.9140 2.9420 985
XBCM06 XBCM07 3.6099 3.9199 151.0709 11.4560 3.8700 11.2680 2.3850 166
XBCM06 XBCM08 2.6832 2.792 6.2881 9.8630 3.9090 11.2680 2.3850 230
XBCM06 XBCM09 3.3961 3.8677 22.1213 9.3280 4.2340 11.2680 2.3850 297
XBCM06 XBCM10 3.3815 3.8793 29.001 10.6190 4.2230 11.2680 2.3850 216
XBCM06 XBCM11 3.1203 3.9815 28.7642 13.1880 3.9800 11.2680 2.3850 277
XBCM06 XBCM12 3.117 3.9436 23.1144 11.6340 4.4810 11.2680 2.3850 236
XBCM06 XBCM13 3.411 3.8249 24.2289 9.4620 4.5880 11.2680 2.3850 316
XBCM06 XBCM14 3.3895 3.8639 29.9811 14.3580 4.4220 11.2680 2.3850 411
XBCM06 XBCM15 3.4856 3.7747 24.6109 9.9330 5.0340 11.2680 2.3850 329
XBCM06 XBCM16 3.3679 2.854 13.6301 10.5720 5.4800 11.2680 2.3850 352
XBCM06 XBCM17 3.4562 3.9017 22.1247 12.3120 5.5460 11.2680 2.3850 370
XBCM06 XBCM18 3.4495 3.8646 50.0005 9.3550 5.7230 11.2680 2.3850 427
XBCM06 XBCM19 3.2702 3.8623 30.669 11.2320 5.9750 11.2680 2.3850 399
XBCM06 XBCM20 3.3769 3.8013 27.8061 10.0540 6.2250 11.2680 2.3850 447
XBCM06 XBCM21 3.3512 3.9233 19.8402 12.6200 6.4670 11.2680 2.3850 478
XBCM06 XBCM22 3.4803 3.9253 27.8825 13.2680 6.4770 11.2680 2.3850 506
XBCM06 XBCM23 3.3055 3.862 37.1024 10.7930 6.3700 11.2680 2.3850 446
XBCM06 XBCM24 3.5795 3.8515 38.2353 14.2880 6.5230 11.2680 2.3850 569
XBCM06 XBCM25 3.5367 3.8552 23.6719 11.8110 6.7600 11.2680 2.3850 490
XBCM06 XBCM26 3.4416 3.85 18.6663 13.5480 7.2650 11.2680 2.3850 598
XBCM06 XBCM27 3.6845 3.8628 8.9946 12.6670 7.3590 11.2680 2.3850 574
XBCM06 XBCM28 3.7713 3.8612 16.7679 13.2370 8.4690 11.2680 2.3850 710
XBCM06 XBCM29 3.4174 3.8292 24.4261 13.3850 9.3470 11.2680 2.3850 808
XBCM06 XBCM30 3.5785 3.8465 30.055 13.9500 9.7570 11.2680 2.3850 871
XBCM06 XBCM31 3.4407 3.8466 14.9044 15.2620 10.3270 11.2680 2.3850 987
XBCM07 XBCM08 3.2374 4.0993 37.355 9.8630 3.9090 11.4560 3.8700 176
XBCM07 XBCM09 3.8391 3.7443 93.9967 9.3280 4.2340 11.4560 3.8700 239
XBCM07 XBCM10 2.5943 4.3442 71.1548 10.6190 4.2230 11.4560 3.8700 100
XBCM07 XBCM11 3.3814 3.7243 46.0417 13.1880 3.9800 11.4560 3.8700 192
XBCM07 XBCM13 4.0718 3.8165 25.6824 9.4620 4.5880 11.4560 3.8700 235
XBCM07 XBCM14 3.591 3.8705 102.4927 14.3580 4.4220 11.4560 3.8700 327
XBCM07 XBCM15 3.5341 3.9028 24.9854 9.9330 5.0340 11.4560 3.8700 212
XBCM07 XBCM16 3.4892 3.7773 150.4265 10.5720 5.4800 11.4560 3.8700 204
XBCM07 XBCM18 3.1466 4.0008 43.8931 9.3550 5.7230 11.4560 3.8700 310
XBCM07 XBCM19 3.333 3.8239 51.0334 11.2320 5.9750 11.4560 3.8700 235
XBCM07 XBCM21 3.1784 3.9002 29.7824 12.6200 6.4670 11.4560 3.8700 316
XBCM07 XBCM22 3.7888 3.8944 27.4139 13.2680 6.4770 11.4560 3.8700 352
XBCM07 XBCM23 3.2831 3.843 52.655 10.7930 6.3700 11.4560 3.8700 287
XBCM07 XBCM24 3.4871 3.9463 41.8012 14.2880 6.5230 11.4560 3.8700 430
XBCM07 XBCM25 3.3764 3.7973 23.0494 11.8110 6.7600 11.4560 3.8700 323
XBCM07 XBCM26 3.3091 3.8355 25.422 13.5480 7.2650 11.4560 3.8700 442
XBCM07 XBCM27 3.5258 3.836 19.5068 12.6670 7.3590 11.4560 3.8700 410
XBCM07 XBCM28 3.7547 3.822 17.3941 13.2370 8.4690 11.4560 3.8700 548
XBCM07 XBCM30 3.6822 3.8211 19.9941 13.9500 9.7570 11.4560 3.8700 710
XBCM07 XBCM31 3.5237 3.864 17.0286 15.2620 10.3270 11.4560 3.8700 831
XBCM07 XBCM32 3.537 3.8392 15.5119 14.3720 10.6190 11.4560 3.8700 816
XBCM08 XBCM10 3.4029 3.9548 120.7802 10.6190 4.2230 9.8630 3.9090 90
XBCM08 XBCM11 3.1045 3.8918 13.3838 13.1880 3.9800 9.8630 3.9090 369
XBCM08 XBCM12 3.3639 3.8602 38.7705 11.6340 4.4810 9.8630 3.9090 206
XBCM08 XBCM14 3.3658 3.827 9.9609 14.3580 4.4220 9.8630 3.9090 501
XBCM08 XBCM15 3.7042 3.979 132.5258 9.9330 5.0340 9.8630 3.9090 125
XBCM08 XBCM16 3.9312 3.9171 99.8594 10.5720 5.4800 9.8630 3.9090 191
XBCM08 XBCM18 2.5864 2.5807 7.594 9.3550 5.7230 9.8630 3.9090 209
XBCM08 XBCM19 2.9147 3.8494 6.1517 11.2320 5.9750 9.8630 3.9090 275
XBCM08 XBCM20 4.1708 3.5748 44.4691 10.0540 6.2250 9.8630 3.9090 258
XBCM08 XBCM21 2.9693 4.0428 5.1979 12.6200 6.4670 9.8630 3.9090 417
XBCM08 XBCM22 3.8667 3.8664 4.2481 13.2680 6.4770 9.8630 3.9090 473
XBCM08 XBCM25 3.8292 3.8469 8.6986 11.8110 6.7600 9.8630 3.9090 383
XBCM08 XBCM31 3.3341 3.8783 5.1156 15.2620 10.3270 9.8630 3.9090 929
XBCM09 XBCM10 2.8488 3.7796 154.7828 10.6190 4.2230 9.3280 4.2340 143
XBCM09 XBCM11 3.7678 3.8292 39.4017 13.1880 3.9800 9.3280 4.2340 429
XBCM09 XBCM12 3.3734 3.7647 70.244 11.6340 4.4810 9.3280 4.2340 257
XBCM09 XBCM14 3.6014 3.8711 38.5802 14.3580 4.4220 9.3280 4.2340 558
XBCM09 XBCM15 2.7646 4.2128 72.4719 9.9330 5.0340 9.3280 4.2340 111
XBCM09 XBCM16 3.5386 3.7095 48.543 10.5720 5.4800 9.3280 4.2340 195
XBCM09 XBCM17 3.6364 3.7852 25.0608 12.3120 5.5460 9.3280 4.2340 361
XBCM09 XBCM18 3.1903 4.1165 73.925 9.3550 5.7230 9.3280 4.2340 165
XBCM09 XBCM19 2.9576 3.8634 31.3806 11.2320 5.9750 9.3280 4.2340 286
XBCM09 XBCM21 3.8031 3.7049 27.2178 12.6200 6.4670 9.3280 4.2340 441
XBCM09 XBCM22 3.4644 3.7951 22.6504 13.2680 6.4770 9.3280 4.2340 502
XBCM09 XBCM23 3.7133 3.7459 45.8547 10.7930 6.3700 9.3280 4.2340 287
XBCM09 XBCM24 3.4676 3.8249 33.6764 14.2880 6.5230 9.3280 4.2340 605
XBCM09 XBCM25 3.4539 3.7911 14.8054 11.8110 6.7600 9.3280 4.2340 393
XBCM09 XBCM26 3.2022 3.7896 17.1356 13.5480 7.2650 9.3280 4.2340 575
XBCM09 XBCM27 3.6369 3.7463 9.5837 12.6670 7.3590 9.3280 4.2340 507
XBCM09 XBCM28 3.6206 3.7384 16.5519 13.2370 8.4690 9.3280 4.2340 639
XBCM09 XBCM29 3.6767 3.7687 22.7766 13.3850 9.3470 9.3280 4.2340 723
XBCM09 XBCM30 3.5621 3.7873 27.2832 13.9500 9.7570 9.3280 4.2340 798
XBCM09 XBCM32 3.5792 3.7974 13.0463 14.3720 10.6190 9.3280 4.2340 901
XBCM10 XBCM11 3.203 3.836 78.8243 13.1880 3.9800 10.6190 4.2230 286
XBCM10 XBCM12 2.8408 4.0281 194.0113 11.6340 4.4810 10.6190 4.2230 116
XBCM10 XBCM13 3.119 4.0596 21.807 9.4620 4.5880 10.6190 4.2230 134
XBCM10 XBCM14 3.4798 3.8783 53.8728 14.3580 4.4220 10.6190 4.2230 415
XBCM10 XBCM15 2.4537 2.055 95.535 9.9330 5.0340 10.6190 4.2230 117
XBCM10 XBCM16 3.1836 3.7166 178.8442 10.5720 5.4800 10.6190 4.2230 139
XBCM10 XBCM17 3.239 3.8859 39.4205 12.3120 5.5460 10.6190 4.2230 238
XBCM10 XBCM18 3.4748 3.8935 19.0167 9.3550 5.7230 10.6190 4.2230 217
XBCM10 XBCM19 3.4818 3.8448 46.1766 11.2320 5.9750 10.6190 4.2230 206
XBCM10 XBCM20 3.34 3.7916 45.9829 10.0540 6.2250 10.6190 4.2230 231
XBCM10 XBCM22 3.6454 3.9216 43.883 13.2680 6.4770 10.6190 4.2230 385
XBCM10 XBCM23 3.1282 3.8213 50.3901 10.7930 6.3700 10.6190 4.2230 239
XBCM10 XBCM25 3.6047 3.816 28.2676 11.8110 6.7600 10.6190 4.2230 311
XBCM10 XBCM26 3.3408 3.8882 19.6191 13.5480 7.2650 10.6190 4.2230 468
XBCM10 XBCM27 3.463 3.7791 7.6862 12.6670 7.3590 10.6190 4.2230 415
XBCM10 XBCM28 3.6929 3.8128 33.6542 13.2370 8.4690 10.6190 4.2230 553
XBCM10 XBCM29 3.6043 3.7985 12.3095 13.3850 9.3470 10.6190 4.2230 646
XBCM10 XBCM30 3.5155 3.832 22.6185 13.9500 9.7570 10.6190 4.2230 716
XBCM10 XBCM31 3.6377 3.8569 12.4234 15.2620 10.3270 10.6190 4.2230 850
XBCM10 XBCM32 3.624 3.8295 28.7091 14.3720 10.6190 10.6190 4.2230 822
XBCM11 XBCM12 2.9502 3.9928 56.2105 11.6340 4.4810 13.1880 3.9800 181
XBCM11 XBCM13 3.7046 3.7845 13.9368 9.4620 4.5880 13.1880 3.9800 418
XBCM11 XBCM14 3.0948 3.926 134.4699 14.3580 4.4220 13.1880 3.9800 138
XBCM11 XBCM15 3.3987 3.7519 41.7842 9.9330 5.0340 13.1880 3.9800 379
XBCM11 XBCM16 3.433 3.9028 36.2263 10.5720 5.4800 13.1880 3.9800 334
XBCM11 XBCM17 3.1472 3.9126 42.3565 12.3120 5.5460 13.1880 3.9800 199
XBCM11 XBCM18 3.3738 3.8727 29.8576 9.3550 5.7230 13.1880 3.9800 466
XBCM11 XBCM19 3.4402 3.9045 24.7734 11.2320 5.9750 13.1880 3.9800 310
XBCM11 XBCM21 3.1643 3.9823 43.4953 12.6200 6.4670 13.1880 3.9800 283
XBCM11 XBCM22 2.9753 3.8751 29.7306 13.2680 6.4770 13.1880 3.9800 277
XBCM11 XBCM23 3.5011 3.8348 53.1118 10.7930 6.3700 13.1880 3.9800 375
XBCM11 XBCM24 3.4748 3.8578 42.5032 14.2880 6.5230 13.1880 3.9800 307
XBCM11 XBCM25 3.3724 3.8434 32.2086 11.8110 6.7600 13.1880 3.9800 344
XBCM11 XBCM26 3.6625 3.8246 33.7849 13.5480 7.2650 13.1880 3.9800 367
XBCM11 XBCM27 3.529 3.8249 18.9683 12.6670 7.3590 13.1880 3.9800 380
XBCM11 XBCM28 3.2015 3.8448 12.71 13.2370 8.4690 13.1880 3.9800 499
XBCM11 XBCM29 3.3439 3.8981 22.5957 13.3850 9.3470 13.1880 3.9800 597
XBCM11 XBCM30 3.5409 3.843 21.6425 13.9500 9.7570 13.1880 3.9800 648
XBCM11 XBCM31 3.5329 3.8374 27.4553 15.2620 10.3270 13.1880 3.9800 742
XBCM11 XBCM32 3.653 3.835 30.3243 14.3720 10.6190 13.1880 3.9800 749
XBCM12 XBCM13 3.1355 3.8018 12.7947 9.4620 4.5880 11.6340 4.4810 241
XBCM12 XBCM14 3.4404 3.8121 62.4524 14.3580 4.4220 11.6340 4.4810 302
XBCM12 XBCM15 3.444 3.7958 28.8265 9.9330 5.0340 11.6340 4.4810 198
XBCM12 XBCM16 4.1441 3.7027 112.52 10.5720 5.4800 11.6340 4.4810 161
XBCM12 XBCM17 2.2874 2.2162 57.4874 12.3120 5.5460 11.6340 4.4810 140
XBCM12 XBCM18 3.5669 3.8162 88.4919 9.3550 5.7230 11.6340 4.4810 287
XBCM12 XBCM19 3.7485 3.7385 101.5859 11.2320 5.9750 11.6340 4.4810 172
XBCM12 XBCM20 3.5221 3.8759 71.4175 10.0540 6.2250 11.6340 4.4810 261
XBCM12 XBCM22 3.9083 3.9036 38.5312 13.2680 6.4770 11.6340 4.4810 286
XBCM12 XBCM23 3.3033 3.7523 41.293 10.7930 6.3700 11.6340 4.4810 229
XBCM12 XBCM24 3.8 3.9529 17.5573 14.2880 6.5230 11.6340 4.4810 371
XBCM12 XBCM25 3.1843 3.8672 65.7524 11.8110 6.7600 11.6340 4.4810 254
XBCM12 XBCM26 3.3423 3.9 24.3699 13.5480 7.2650 11.6340 4.4810 375
XBCM12 XBCM27 4.0231 3.7983 27.2982 12.6670 7.3590 11.6340 4.4810 339
XBCM12 XBCM28 3.4259 3.8364 19.6744 13.2370 8.4690 11.6340 4.4810 477
XBCM12 XBCM29 3.685 3.7812 22.88 13.3850 9.3470 11.6340 4.4810 574
XBCM12 XBCM30 3.5176 3.8017 43.5949 13.9500 9.7570 11.6340 4.4810 640
XBCM12 XBCM31 3.6512 3.818 8.4045 15.2620 10.3270 11.6340 4.4810 763
XBCM12 XBCM32 3.6076 4.545 17.0738 14.3720 10.6190 11.6340 4.4810 746
XBCM13 XBCM14 3.5562 3.8293 17.0138 14.3580 4.4220 9.4620 4.5880 543
XBCM13 XBCM17 4.033 3.781 13.3778 12.3120 5.5460 9.4620 4.5880 333
XBCM13 XBCM18 3.3747 4.069 33.0426 9.3550 5.7230 9.4620 4.5880 126
XBCM13 XBCM19 2.9311 3.9059 8.8909 11.2320 5.9750 9.4620 4.5880 249
XBCM13 XBCM20 2.7402 4.0485 8.1751 10.0540 6.2250 9.4620 4.5880 193
XBCM13 XBCM23 4.0938 3.6176 7.6617 10.7930 6.3700 9.4620 4.5880 246
XBCM13 XBCM24 3.578 3.8396 8.0337 14.2880 6.5230 9.4620 4.5880 575
XBCM13 XBCM25 3.7569 3.6983 14.5188 11.8110 6.7600 9.4620 4.5880 354
XBCM13 XBCM26 3.3858 3.7653 12.6584 13.5480 7.2650 9.4620 4.5880 541
XBCM13 XBCM30 3.78 3.7503 6.849 13.9500 9.7570 9.4620 4.5880 758
XBCM14 XBCM15 3.5344 3.8155 37.1606 9.9330 5.0340 14.3580 4.4220 495
XBCM14 XBCM16 3.497 3.7801 13.8302 10.5720 5.4800 14.3580 4.4220 435
XBCM14 XBCM17 3.297 3.9407 54.6646 12.3120 5.5460 14.3580 4.4220 258
XBCM14 XBCM18 3.3901 3.7915 36.9108 9.3550 5.7230 14.3580 4.4220 572
XBCM14 XBCM19 3.4419 3.8519 34.8894 11.2320 5.9750 14.3580 4.4220 386
XBCM14 XBCM20 3.4985 3.8226 34.1804 10.0540 6.2250 14.3580 4.4220 517
XBCM14 XBCM21 3.4595 3.771 33.0321 12.6200 6.4670 14.3580 4.4220 297
XBCM14 XBCM22 3.4368 3.7413 48.3629 13.2680 6.4770 14.3580 4.4220 258
XBCM14 XBCM23 3.3667 3.8319 29.6765 10.7930 6.3700 14.3580 4.4220 450
XBCM14 XBCM24 3.2588 3.8408 54.3863 14.2880 6.5230 14.3580 4.4220 233
XBCM14 XBCM25 3.4595 3.9037 39.145 11.8110 6.7600 14.3580 4.4220 383
XBCM14 XBCM27 3.5755 3.7835 17.7005 12.6670 7.3590 14.3580 4.4220 376
XBCM14 XBCM28 3.5494 3.8569 15.5496 13.2370 8.4690 14.3580 4.4220 466
XBCM14 XBCM29 3.6054 3.8325 14.6516 13.3850 9.3470 14.3580 4.4220 558
XBCM14 XBCM30 3.5131 3.8714 25.2691 13.9500 9.7570 14.3580 4.4220 595
XBCM14 XBCM32 3.3828 3.8667 18.4622 14.3720 10.6190 14.3580 4.4220 689
XBCM15 XBCM17 3.6181 3.7839 90.002 12.3120 5.5460 9.9330 5.0340 269
XBCM15 XBCM18 2.8198 4.3511 50.3754 9.3550 5.7230 9.9330 5.0340 99
XBCM15 XBCM19 3.4137 3.803 134.586 11.2320 5.9750 9.9330 5.0340 177
XBCM15 XBCM21 3.7748 3.6657 24.5639 12.6200 6.4670 9.9330 5.0340 337
XBCM15 XBCM22 3.3389 3.7705 28.8996 13.2680 6.4770 9.9330 5.0340 402
XBCM15 XBCM23 4.095 3.6876 71.6856 10.7930 6.3700 9.9330 5.0340 176
XBCM15 XBCM25 3.5855 3.7804 45.8874 11.8110 6.7600 9.9330 5.0340 282
XBCM15 XBCM26 3.6354 3.73 21.1639 13.5480 7.2650 9.9330 5.0340 470
XBCM15 XBCM28 3.7791 3.7726 17.4491 13.2370 8.4690 9.9330 5.0340 528
XBCM15 XBCM29 3.5055 3.7629 15.7414 13.3850 9.3470 9.9330 5.0340 612
XBCM15 XBCM30 3.3722 3.7462 36.0994 13.9500 9.7570 9.9330 5.0340 687
XBCM15 XBCM31 3.6237 3.7928 18.2213 15.2620 10.3270 9.9330 5.0340 831
XBCM15 XBCM32 3.4938 3.7511 14.7994 14.3720 10.6190 9.9330 5.0340 790
XBCM16 XBCM17 3.6156 3.723 58.5634 12.3120 5.5460 10.5720 5.4800 192
XBCM16 XBCM18 3.0196 3.8029 189.6985 9.3550 5.7230 10.5720 5.4800 137
XBCM16 XBCM19 2.504 4.5108 85.4355 11.2320 5.9750 10.5720 5.4800 91
XBCM16 XBCM20 2.8286 4.3552 117.2373 10.0540 6.2250 10.5720 5.4800 100
XBCM16 XBCM21 3.7159 3.6848 71.5477 12.6200 6.4670 10.5720 5.4800 251
XBCM16 XBCM24 3.5815 3.8853 12.2282 14.2880 6.5230 10.5720 5.4800 427
XBCM16 XBCM25 3.6577 3.6689 40.587 11.8110 6.7600 10.5720 5.4800 197
XBCM16 XBCM26 3.1747 3.8344 13.511 13.5480 7.2650 10.5720 5.4800 384
XBCM16 XBCM27 3.8286 3.6877 25.9599 12.6670 7.3590 10.5720 5.4800 311
XBCM16 XBCM29 3.8252 3.7164 22.9161 13.3850 9.3470 10.5720 5.4800 530
XBCM16 XBCM30 3.6578 3.8178 14.8072 13.9500 9.7570 10.5720 5.4800 604
XBCM16 XBCM31 3.7018 3.7802 12.8966 15.2620 10.3270 10.5720 5.4800 746
XBCM16 XBCM32 3.6242 3.7978 11.7622 14.3720 10.6190 10.5720 5.4800 708
XBCM17 XBCM18 3.5925 3.7307 54.0557 9.3550 5.7230 12.3120 5.5460 327
XBCM17 XBCM19 2.4194 2.1013 109.8851 11.2320 5.9750 12.3120 5.5460 128
XBCM17 XBCM20 3.565 3.6689 70.6508 10.0540 6.2250 12.3120 5.5460 260
XBCM17 XBCM21 3.1751 4.2285 126.755 12.6200 6.4670 12.3120 5.5460 107
XBCM17 XBCM22 2.9241 4.0075 118.9443 13.2680 6.4770 12.3120 5.5460 148
XBCM17 XBCM23 3.4524 3.6751 33.8973 10.7930 6.3700 12.3120 5.5460 191
XBCM17 XBCM24 3.2366 3.9093 51.1359 14.2880 6.5230 12.3120 5.5460 244
XBCM17 XBCM25 2.3113 2.2731 49.1578 11.8110 6.7600 12.3120 5.5460 145
XBCM17 XBCM27 3.182 3.9522 64.2608 12.6670 7.3590 12.3120 5.5460 205
XBCM17 XBCM28 3.5074 3.8154 17.8821 13.2370 8.4690 12.3120 5.5460 340
XBCM17 XBCM29 3.3794 3.8823 10.2237 13.3850 9.3470 12.3120 5.5460 439
XBCM17 XBCM30 4.0694 3.8416 20.9976 13.9500 9.7570 12.3120 5.5460 501
XBCM17 XBCM31 3.5463 3.8702 20.5114 15.2620 10.3270 12.3120 5.5460 623
XBCM17 XBCM32 3.751 3.8435 21.892 14.3720 10.6190 12.3120 5.5460 608
XBCM18 XBCM21 3.389 3.7718 20.1761 12.6200 6.4670 9.3550 5.7230 370
XBCM18 XBCM23 3.387 3.7438 78.0577 10.7930 6.3700 9.3550 5.7230 174
XBCM18 XBCM24 3.5435 3.7689 111.0341 14.2880 6.5230 9.3550 5.7230 552
XBCM18 XBCM25 3.3734 3.7075 25.3953 11.8110 6.7600 9.3550 5.7230 295
XBCM18 XBCM26 3.1915 3.7974 29.2168 13.5480 7.2650 9.3550 5.7230 494
XBCM18 XBCM27 3.4736 3.7422 11.9917 12.6670 7.3590 9.3550 5.7230 408
XBCM18 XBCM30 3.4676 3.7476 19.1253 13.9500 9.7570 9.3550 5.7230 676
XBCM18 XBCM31 3.3228 3.8283 19.0571 15.2620 10.3270 9.3550 5.7230 827
XBCM19 XBCM20 2.9047 3.8003 136.8726 10.0540 6.2250 11.2320 5.9750 133
XBCM19 XBCM23 2.4359 4.7338 121.2491 10.7930 6.3700 11.2320 5.9750 65
XBCM19 XBCM25 2.1715 2.0203 79.4578 11.8110 6.7600 11.2320 5.9750 108
XBCM19 XBCM27 3.8961 3.6537 58.7467 12.6670 7.3590 11.2320 5.9750 220
XBCM19 XBCM28 3.3231 3.8221 28.0787 13.2370 8.4690 11.2320 5.9750 354
XBCM19 XBCM29 3.5163 3.7733 17.1317 13.3850 9.3470 11.2320 5.9750 443
XBCM19 XBCM30 3.6901 3.8368 21.0518 13.9500 9.7570 11.2320 5.9750 516
XBCM19 XBCM32 3.6597 3.8308 13.6682 14.3720 10.6190 11.2320 5.9750 621
XBCM20 XBCM21 3.3654 3.7374 52.3345 12.6200 6.4670 10.0540 6.2250 284
XBCM20 XBCM22 3.7225 3.7288 41.6097 13.2680 6.4770 10.0540 6.2250 356
XBCM20 XBCM23 2.3846 4.1186 69.4958 10.7930 6.3700 10.0540 6.2250 83
XBCM20 XBCM24 3.5683 3.7721 19.0725 14.2880 6.5230 10.0540 6.2250 469
XBCM20 XBCM25 2.7707 3.8314 20.2344 11.8110 6.7600 10.0540 6.2250 203
XBCM20 XBCM27 3.335 3.6995 16.7822 12.6670 7.3590 10.0540 6.2250 314
XBCM20 XBCM28 3.3118 3.7489 17.4663 13.2370 8.4690 10.0540 6.2250 430
XBCM20 XBCM29 3.5337 3.8069 9.3329 13.3850 9.3470 10.0540 6.2250 505
XBCM20 XBCM30 3.6107 3.7601 26.4488 13.9500 9.7570 10.0540 6.2250 581
XBCM20 XBCM31 3.411 3.7884 21.1632 15.2620 10.3270 10.0540 6.2250 732
XBCM21 XBCM23 3.4682 3.7136 32.9114 10.7930 6.3700 12.6200 6.4670 202
XBCM21 XBCM24 3.015 3.8598 91.6321 14.2880 6.5230 12.6200 6.4670 184
XBCM21 XBCM25 3.1629 4.1025 161.2063 11.8110 6.7600 12.6200 6.4670 95
XBCM21 XBCM26 2.3355 2.2106 66.6436 13.5480 7.2650 12.6200 6.4670 135
XBCM21 XBCM28 3.3357 3.7821 31.7703 13.2370 8.4690 12.6200 6.4670 232
XBCM21 XBCM29 3.6892 3.867 16.9301 13.3850 9.3470 12.6200 6.4670 331
XBCM21 XBCM30 3.5587 3.7885 33.1014 13.9500 9.7570 12.6200 6.4670 394
XBCM21 XBCM31 3.7062 3.865 21.8039 15.2620 10.3270 12.6200 6.4670 518
XBCM22 XBCM23 3.5187 3.7269 57.1856 10.7930 6.3700 13.2680 6.4770 273
XBCM22 XBCM24 3.0185 3.8869 177.4919 14.2880 6.5230 13.2680 6.4770 112
XBCM22 XBCM25 2.8643 3.8409 35.2877 11.8110 6.7600 13.2680 6.4770 164
XBCM22 XBCM27 2.6382 4.3673 120.1014 12.6670 7.3590 13.2680 6.4770 118
XBCM22 XBCM28 3.3517 3.8422 64.3389 13.2370 8.4690 13.2680 6.4770 221
XBCM22 XBCM29 3.4524 3.7816 24.3426 13.3850 9.3470 13.2680 6.4770 319
XBCM22 XBCM31 3.7256 3.8141 23.2434 15.2620 10.3270 13.2680 6.4770 481
XBCM22 XBCM32 3.4085 3.7479 15.289 14.3720 10.6190 13.2680 6.4770 476
XBCM23 XBCM24 3.5124 3.7448 32.3581 14.2880 6.5230 10.7930 6.3700 386
XBCM23 XBCM25 2.5445 4.1309 163.7 11.8110 6.7600 10.7930 6.3700 120
XBCM23 XBCM26 3.5239 3.7957 45.221 13.5480 7.2650 10.7930 6.3700 320
XBCM23 XBCM27 3.0813 3.7947 34.6737 12.6670 7.3590 10.7930 6.3700 234
XBCM23 XBCM28 3.4895 3.7611 26.7641 13.2370 8.4690 10.7930 6.3700 356
XBCM23 XBCM29 3.4934 3.8466 32.9679 13.3850 9.3470 10.7930 6.3700 437
XBCM23 XBCM31 3.5153 3.8183 21.8917 15.2620 10.3270 10.7930 6.3700 659
XBCM23 XBCM32 3.6975 3.8403 18.4577 14.3720 10.6190 10.7930 6.3700 615
XBCM24 XBCM25 3.0246 3.741 31.7132 11.8110 6.7600 14.2880 6.5230 274
XBCM24 XBCM26 3.0931 4.2579 90.6794 13.5480 7.2650 14.2880 6.5230 116
XBCM24 XBCM27 3.1043 3.798 55.5236 12.6670 7.3590 14.2880 6.5230 201
XBCM24 XBCM28 3.9006 3.625 108.9433 13.2370 8.4690 14.2880 6.5230 245
XBCM24 XBCM31 3.4473 3.8386 23.3549 15.2620 10.3270 14.2880 6.5230 436
XBCM24 XBCM32 3.4335 3.8379 17.2096 14.3720 10.6190 14.2880 6.5230 455
XBCM25 XBCM26 2.7664 3.9287 22.911 13.5480 7.2650 11.8110 6.7600 199
XBCM25 XBCM27 2.76 4.1461 123.3298 12.6670 7.3590 11.8110 6.7600 115
XBCM25 XBCM29 3.9832 3.7806 17.8241 13.3850 9.3470 11.8110 6.7600 335
XBCM25 XBCM31 3.7712 3.8194 16.1107 15.2620 10.3270 11.8110 6.7600 549
XBCM25 XBCM32 3.4819 3.8482 13.3081 14.3720 10.6190 11.8110 6.7600 513
XBCM26 XBCM27 2.6847 4.0901 246.5359 12.6670 7.3590 13.5480 7.2650 97
XBCM26 XBCM30 3.7653 3.8822 63.3603 13.9500 9.7570 13.5480 7.2650 280
XBCM26 XBCM31 3.2075 3.9288 16.7337 15.2620 10.3270 13.5480 7.2650 389
XBCM26 XBCM32 3.7405 3.8493 30.7397 14.3720 10.6190 13.5480 7.2650 383
XBCM27 XBCM28 2.3381 2.2378 109.1241 13.2370 8.4690 12.6670 7.3590 138
XBCM27 XBCM29 3.3603 3.8418 69.4498 13.3850 9.3470 12.6670 7.3590 234
XBCM27 XBCM31 4.1674 3.7996 11.1704 15.2620 10.3270 12.6670 7.3590 436
XBCM27 XBCM32 3.5122 3.8431 13.9478 14.3720 10.6190 12.6670 7.3590 408
XBCM28 XBCM29 3.3282 4.1978 215.2543 13.3850 9.3470 13.2370 8.4690 99
XBCM28 XBCM30 3.4582 3.9246 140.8844 13.9500 9.7570 13.2370 8.4690 163
XBCM28 XBCM31 3.5898 3.9082 25.0506 15.2620 10.3270 13.2370 8.4690 303
XBCM28 XBCM32 3.7168 3.86 56.3576 14.3720 10.6190 13.2370 8.4690 269
XBCM29 XBCM31 3.4384 3.9785 36.7153 15.2620 10.3270 13.3850 9.3470 232
XBCM29 XBCM32 3.1183 3.9654 51.3523 14.3720 10.6190 13.3850 9.3470 178
XBCM30 XBCM31 3.1908 4.0217 118.2892 15.2620 10.3270 13.9500 9.7570 157
XBCM30 XBCM32 2.4457 4.3673 128.3455 14.3720 10.6190 13.9500 9.7570 106
XBCM31 XBCM32 2.5985 4.2431 116.3489 14.3720 10.6190 15.2620 10.3270 102
