XBCM01 XBCM02 3.6056 3.916 28.0887 13.2890 2.6980 9.8340 2.3890 385
XBCM01 XBCM03 3.3194 3.9809 22.4056 15.0340 3.5190 9.8340 2.3890 591
XBCM01 XBCM04 3.2229 4.0152 42.9532 11.9590 2.9790 9.8340 2.3890 245
XBCM01 XBCM06 3.4082 3.9642 112.7644 11.2680 2.3850 9.8340 2.3890 159
XBCM01 XBCM07 3.3098 4.0061 34.3307 11.4560 3.8700 9.8340 2.3890 244
XBCM01 XBCM10 3.404 3.9077 29.2583 10.6190 4.2230 9.8340 2.3890 221
XBCM01 XBCM12 3.0646 3.9905 25.0179 11.6340 4.4810 9.8340 2.3890 306
XBCM01 XBCM13 3.3039 3.7827 6.0564 9.4620 4.5880 9.8340 2.3890 248
XBCM01 XBCM14 3.4157 3.9848 15.0512 14.3580 4.4220 9.8340 2.3890 550
XBCM01 XBCM15 2.7777 3.9192 22.0498 9.9330 5.0340 9.8340 2.3890 294
XBCM01 XBCM17 3.3607 3.9352 14.1648 12.3120 5.5460 9.8340 2.3890 445
XBCM01 XBCM18 3.63 3.8725 23.5329 9.3550 5.7230 9.8340 2.3890 374
XBCM01 XBCM19 3.4993 3.885 16.8978 11.2320 5.9750 9.8340 2.3890 427
XBCM01 XBCM20 3.7073 3.8453 22.9554 10.0540 6.2250 9.8340 2.3890 427
XBCM01 XBCM21 3.3397 3.1318 9.6538 12.6200 6.4670 9.8340 2.3890 548
XBCM01 XBCM22 3.3043 4.0156 9.595 13.2680 6.4770 9.8340 2.3890 593
XBCM01 XBCM23 3.2099 3.8641 8.6868 10.7930 6.3700 9.8340 2.3890 455
XBCM01 XBCM25 4.1161 3.8353 4.6518 11.8110 6.7600 9.8340 2.3890 533
XBCM01 XBCM26 3.6869 3.8681 10.4925 13.5480 7.2650 9.8340 2.3890 680
XBCM01 XBCM27 3.6203 3.8768 10.2743 12.6670 7.3590 9.8340 2.3890 635
XBCM01 XBCM28 3.5446 3.8654 7.444 13.2370 8.4690 9.8340 2.3890 774
XBCM01 XBCM29 3.4263 3.8932 8.6223 13.3850 9.3470 9.8340 2.3890 867
XBCM01 XBCM30 3.3409 3.8962 15.09 13.9500 9.7570 9.8340 2.3890 937
XBCM01 XBCM31 3.4624 3.9491 8.4609 15.2620 10.3270 9.8340 2.3890 1067
XBCM01 XBCM32 3.6121 3.8833 11.9419 14.3720 10.6190 9.8340 2.3890 1043
XBCM02 XBCM04 2.9561 3.9797 67.9943 11.9590 2.9790 13.2890 2.6980 151
XBCM02 XBCM05 3.633 3.9112 23.2132 9.9140 2.9420 13.2890 2.6980 375
XBCM02 XBCM06 3.3461 3.9895 26.7876 11.2680 2.3850 13.2890 2.6980 227
XBCM02 XBCM07 3.5697 4.0103 14.9345 11.4560 3.8700 13.2890 2.6980 241
XBCM02 XBCM09 3.8068 3.8864 23.3562 9.3280 4.2340 13.2890 2.6980 471
XBCM02 XBCM13 3.7672 3.9557 7.5847 9.4620 4.5880 13.2890 2.6980 473
XBCM02 XBCM14 3.3489 3.9261 13.9226 14.3580 4.4220 13.2890 2.6980 225
XBCM02 XBCM15 3.311 3.97 16.0686 9.9330 5.0340 13.2890 2.6980 454
XBCM02 XBCM17 3.3713 3.9614 22.2415 12.3120 5.5460 13.2890 2.6980 334
XBCM02 XBCM18 3.8773 3.9274 10.8881 9.3550 5.7230 13.2890 2.6980 551
XBCM02 XBCM19 3.5352 3.8889 14.2571 11.2320 5.9750 13.2890 2.6980 429
XBCM02 XBCM20 3.6311 3.8676 10.7173 10.0540 6.2250 13.2890 2.6980 531
XBCM02 XBCM21 3.4812 3.9352 15.0894 12.6200 6.4670 13.2890 2.6980 425
XBCM02 XBCM23 3.8602 3.804 14.9557 10.7930 6.3700 13.2890 2.6980 493
XBCM02 XBCM24 3.2041 3.9333 5.979 14.2880 6.5230 13.2890 2.6980 439
XBCM02 XBCM25 3.8002 3.8277 11.5623 11.8110 6.7600 13.2890 2.6980 480
XBCM02 XBCM26 3.1325 3.9522 10.3545 13.5480 7.2650 13.2890 2.6980 508
XBCM02 XBCM28 3.4556 3.922 10.19 13.2370 8.4690 13.2890 2.6980 641
XBCM02 XBCM29 3.602 3.9594 8.7458 13.3850 9.3470 13.2890 2.6980 739
XBCM02 XBCM30 3.738 3.931 16.4466 13.9500 9.7570 13.2890 2.6980 788
XBCM02 XBCM32 3.6787 3.9098 15.1163 14.3720 10.6190 13.2890 2.6980 889
XBCM03 XBCM04 3.374 4.0014 26.8234 11.9590 2.9790 15.0340 3.5190 346
XBCM03 XBCM05 3.3412 3.9629 10.3783 9.9140 2.9420 15.0340 3.5190 572
XBCM03 XBCM06 3.3991 3.9866 28.5358 11.2680 2.3850 15.0340 3.5190 436
XBCM03 XBCM07 3.5371 3.8656 33.8958 11.4560 3.8700 15.0340 3.5190 399
XBCM03 XBCM09 4.0198 3.8264 14.2277 9.3280 4.2340 15.0340 3.5190 638
XBCM03 XBCM10 3.294 3.936 29.0544 10.6190 4.2230 15.0340 3.5190 496
XBCM03 XBCM11 3.3437 3.8767 29.9511 13.1880 3.9800 15.0340 3.5190 211
XBCM03 XBCM12 3.2991 3.9201 19.1046 11.6340 4.4810 15.0340 3.5190 392
XBCM03 XBCM13 3.9686 3.7957 9.1474 9.4620 4.5880 15.0340 3.5190 629
XBCM03 XBCM14 3.1955 4.364 26.7732 14.3580 4.4220 15.0340 3.5190 125
XBCM03 XBCM15 3.4761 3.8709 22.9699 9.9330 5.0340 15.0340 3.5190 590
XBCM03 XBCM17 3.2413 4.087 15.2636 12.3120 5.5460 15.0340 3.5190 376
XBCM03 XBCM18 3.4184 3.9302 14.919 9.3550 5.7230 15.0340 3.5190 675
XBCM03 XBCM19 3.6621 3.9059 18.805 11.2320 5.9750 15.0340 3.5190 502
XBCM03 XBCM20 3.5169 3.8821 16.5595 10.0540 6.2250 15.0340 3.5190 628
XBCM03 XBCM21 3.5184 3.8841 15.7833 12.6200 6.4670 15.0340 3.5190 423
XBCM03 XBCM22 3.6554 3.7897 11.7254 13.2680 6.4770 15.0340 3.5190 382
XBCM03 XBCM23 3.406 3.9167 18.6699 10.7930 6.3700 15.0340 3.5190 566
XBCM03 XBCM24 3.3791 3.9881 13.5965 14.2880 6.5230 15.0340 3.5190 344
XBCM03 XBCM25 3.5179 3.8926 9.7707 11.8110 6.7600 15.0340 3.5190 507
XBCM03 XBCM26 3.1906 3.8789 7.0954 13.5480 7.2650 15.0340 3.5190 447
XBCM03 XBCM27 3.4957 3.8522 23.3161 12.6670 7.3590 15.0340 3.5190 501
XBCM03 XBCM28 3.6444 3.8777 11.2882 13.2370 8.4690 15.0340 3.5190 585
XBCM03 XBCM29 3.9579 3.8302 10.0873 13.3850 9.3470 15.0340 3.5190 673
XBCM03 XBCM30 3.6296 3.8663 24.0933 13.9500 9.7570 15.0340 3.5190 704
XBCM03 XBCM31 3.4551 3.9132 9.1706 15.2620 10.3270 15.0340 3.5190 757
XBCM03 XBCM32 3.4012 3.8898 10.1133 14.3720 10.6190 15.0340 3.5190 793
XBCM04 XBCM05 3.4271 3.9454 35.6541 9.9140 2.9420 11.9590 2.9790 227
XBCM04 XBCM07 2.9792 4.6552 163.0807 11.4560 3.8700 11.9590 2.9790 113
XBCM04 XBCM08 3.3905 4.2107 33.0601 9.8630 3.9090 11.9590 2.9790 254
XBCM04 XBCM10 3.1442 4.2462 60.2465 10.6190 4.2230 11.9590 2.9790 203
XBCM04 XBCM11 2.8506 4.266 60.1913 13.1880 3.9800 11.9590 2.9790 176
XBCM04 XBCM12 3.9872 3.7347 68.7365 11.6340 4.4810 11.9590 2.9790 170
XBCM04 XBCM13 2.9922 2.964 4.7075 9.4620 4.5880 11.9590 2.9790 329
XBCM04 XBCM15 3.4338 3.929 66.7609 9.9330 5.0340 11.9590 2.9790 320
XBCM04 XBCM17 3.1019 4.0726 60.2397 12.3120 5.5460 11.9590 2.9790 288
XBCM04 XBCM18 3.0425 3.9054 9.3493 9.3550 5.7230 11.9590 2.9790 420
XBCM04 XBCM21 3.3375 4.0734 11.2539 12.6200 6.4670 11.9590 2.9790 394
XBCM04 XBCM23 3.5566 3.8483 37.2545 10.7930 6.3700 11.9590 2.9790 398
XBCM04 XBCM24 3.2272 3.9837 13.1319 14.2880 6.5230 11.9590 2.9790 471
XBCM04 XBCM25 3.4902 3.9455 14.656 11.8110 6.7600 11.9590 2.9790 420
XBCM04 XBCM26 3.7265 3.8949 14.4399 13.5480 7.2650 11.9590 2.9790 508
XBCM04 XBCM27 2.9493 4.0118 7.3335 12.6670 7.3590 11.9590 2.9790 493
XBCM04 XBCM28 3.7542 3.9071 9.3066 13.2370 8.4690 11.9590 2.9790 626
XBCM04 XBCM29 3.9268 3.8139 9.2359 13.3850 9.3470 11.9590 2.9790 725
XBCM04 XBCM30 3.468 3.8377 18.5133 13.9500 9.7570 11.9590 2.9790 785
XBCM04 XBCM31 3.4182 3.9315 9.495 15.2620 10.3270 11.9590 2.9790 894
XBCM05 XBCM06 3.4301 4.0198 105.6039 11.2680 2.3850 9.9140 2.9420 162
XBCM05 XBCM07 3.162 4.1142 143.0413 11.4560 3.8700 9.9140 2.9420 199
XBCM05 XBCM11 3.2661 3.9753 31.1164 13.1880 3.9800 9.9140 2.9420 381
XBCM05 XBCM12 3.3373 4.0122 40.5096 11.6340 4.4810 9.9140 2.9420 256
XBCM05 XBCM13 3.9648 3.794 8.2309 9.4620 4.5880 9.9140 2.9420 189
XBCM05 XBCM14 3.3226 3.979 14.6109 14.3580 4.4220 9.9140 2.9420 520
XBCM05 XBCM15 3.4256 3.9905 44.9608 9.9330 5.0340 9.9140 2.9420 232
XBCM05 XBCM16 2.9384 4.0376 13.4606 10.5720 5.4800 9.9140 2.9420 291
XBCM05 XBCM17 3.991 3.9201 14.5455 12.3120 5.5460 9.9140 2.9420 393
XBCM05 XBCM18 3.6068 3.9043 31.0806 9.3550 5.7230 9.9140 2.9420 315
XBCM05 XBCM19 4.0515 3.7701 20.6321 11.2320 5.9750 9.9140 2.9420 367
XBCM05 XBCM20 3.2597 3.8929 9.4408 10.0540 6.2250 9.9140 2.9420 365
XBCM05 XBCM21 3.6034 3.976 8.996 12.6200 6.4670 9.9140 2.9420 493
XBCM05 XBCM22 3.5555 4.0131 7.0425 13.2680 6.4770 9.9140 2.9420 541
XBCM05 XBCM23 3.7678 3.8708 7.9764 10.7930 6.3700 9.9140 2.9420 393
XBCM05 XBCM24 3.6108 3.9356 6.6057 14.2880 6.5230 9.9140 2.9420 627
XBCM05 XBCM25 3.2688 3.8834 6.5901 11.8110 6.7600 9.9140 2.9420 473
XBCM05 XBCM27 3.7317 3.801 5.3705 12.6670 7.3590 9.9140 2.9420 578
XBCM05 XBCM28 3.5898 3.8683 5.6004 13.2370 8.4690 9.9140 2.9420 716
XBCM05 XBCM29 3.6744 3.8572 8.765 13.3850 9.3470 9.9140 2.9420 809
XBCM05 XBCM30 3.6533 3.8463 7.9199 13.9500 9.7570 9.9140 2.9420 879
XBCM05 XBCM31 3.5952 3.8609 4.7635 15.2620 10.3270 9.9140 2.9420 1011
XBCM05 XBCM32 3.6568 3.8447 2.9691 14.3720 10.6190 9.9140 2.9420 985
XBCM06 XBCM07 3.8608 3.9497 122.4329 11.4560 3.8700 11.2680 2.3850 166
XBCM06 XBCM08 2.6447 2.802 5.4482 9.8630 3.9090 11.2680 2.3850 230
XBCM06 XBCM09 3.5129 3.921 34.699 9.3280 4.2340 11.2680 2.3850 297
XBCM06 XBCM10 3.3745 3.9345 24.8162 10.6190 4.2230 11.2680 2.3850 216
XBCM06 XBCM11 3.0818 4.091 18.2326 13.1880 3.9800 11.2680 2.3850 277
XBCM06 XBCM12 3.02 4.0505 44.813 11.6340 4.4810 11.2680 2.3850 236
XBCM06 XBCM13 3.4416 3.8697 14.4667 9.4620 4.5880 11.2680 2.3850 316
XBCM06 XBCM14 3.4263 3.9169 23.1627 14.3580 4.4220 11.2680 2.3850 411
XBCM06 XBCM16 3.3032 2.8128 11.3442 10.5720 5.4800 11.2680 2.3850 352
XBCM06 XBCM17 3.5711 3.9471 17.1767 12.3120 5.5460 11.2680 2.3850 370
XBCM06 XBCM18 3.4892 3.909 29.4772 9.3550 5.7230 11.2680 2.3850 427
XBCM06 XBCM19 3.2002 3.933 18.148 11.2320 5.9750 11.2680 2.3850 399
XBCM06 XBCM20 3.3474 3.8481 16.7489 10.0540 6.2250 11.2680 2.3850 447
XBCM06 XBCM21 3.3455 3.9889 10.8619 12.6200 6.4670 11.2680 2.3850 478
XBCM06 XBCM22 3.4212 3.9741 11.8247 13.2680 6.4770 11.2680 2.3850 506
XBCM06 XBCM23 3.3234 3.9255 22.7084 10.7930 6.3700 11.2680 2.3850 446
XBCM06 XBCM24 3.7155 3.876 22.1203 14.2880 6.5230 11.2680 2.3850 569
XBCM06 XBCM25 3.7137 3.8855 18.5557 11.8110 6.7600 11.2680 2.3850 490
XBCM06 XBCM26 3.5446 3.8925 18.0329 13.5480 7.2650 11.2680 2.3850 598
XBCM06 XBCM27 3.8596 3.877 7.2694 12.6670 7.3590 11.2680 2.3850 574
XBCM06 XBCM28 4.0451 3.8614 9.5543 13.2370 8.4690 11.2680 2.3850 710
XBCM06 XBCM29 3.3707 3.8758 16.5138 13.3850 9.3470 11.2680 2.3850 808
XBCM06 XBCM30 3.6154 3.8735 18.7565 13.9500 9.7570 11.2680 2.3850 871
XBCM06 XBCM31 3.398 3.8923 11.8908 15.2620 10.3270 11.2680 2.3850 987
XBCM07 XBCM08 3.1952 4.2026 41.2712 9.8630 3.9090 11.4560 3.8700 176
XBCM07 XBCM09 4.0217 3.7326 38.8777 9.3280 4.2340 11.4560 3.8700 239
XBCM07 XBCM10 2.4137 4.6501 70.8838 10.6190 4.2230 11.4560 3.8700 100
XBCM07 XBCM11 3.4136 3.7612 95.7043 13.1880 3.9800 11.4560 3.8700 192
XBCM07 XBCM13 4.4075 3.7881 17.9968 9.4620 4.5880 11.4560 3.8700 235
XBCM07 XBCM14 3.7599 3.8956 86.5939 14.3580 4.4220 11.4560 3.8700 327
XBCM07 XBCM15 3.6116 3.9407 54.995 9.9330 5.0340 11.4560 3.8700 212
XBCM07 XBCM16 3.5911 3.8067 122.7365 10.5720 5.4800 11.4560 3.8700 204
XBCM07 XBCM18 3.0391 4.1107 33.0215 9.3550 5.7230 11.4560 3.8700 310
XBCM07 XBCM19 3.3151 3.8807 49.27 11.2320 5.9750 11.4560 3.8700 235
XBCM07 XBCM21 3.038 3.9911 45.8094 12.6200 6.4670 11.4560 3.8700 316
XBCM07 XBCM22 4.0798 3.8959 29.7379 13.2680 6.4770 11.4560 3.8700 352
XBCM07 XBCM23 3.2056 3.9078 46.0206 10.7930 6.3700 11.4560 3.8700 287
XBCM07 XBCM24 3.5786 3.9942 37.9946 14.2880 6.5230 11.4560 3.8700 430
XBCM07 XBCM25 3.3976 3.844 25.0726 11.8110 6.7600 11.4560 3.8700 323
XBCM07 XBCM26 3.291 3.8963 24.9099 13.5480 7.2650 11.4560 3.8700 442
XBCM07 XBCM27 3.6448 3.8656 19.8222 12.6670 7.3590 11.4560 3.8700 410
XBCM07 XBCM28 3.9365 3.8244 11.4292 13.2370 8.4690 11.4560 3.8700 548
XBCM07 XBCM30 3.9364 3.8275 13.3868 13.9500 9.7570 11.4560 3.8700 710
XBCM07 XBCM31 3.4445 3.9022 10.9218 15.2620 10.3270 11.4560 3.8700 831
XBCM07 XBCM32 3.6134 3.8696 14.4421 14.3720 10.6190 11.4560 3.8700 816
XBCM08 XBCM10 3.4452 4.0153 88.5099 10.6190 4.2230 9.8630 3.9090 90
XBCM08 XBCM11 3.0448 3.9909 10.0414 13.1880 3.9800 9.8630 3.9090 369
XBCM08 XBCM12 3.3505 3.9169 37.6174 11.6340 4.4810 9.8630 3.9090 206
XBCM08 XBCM14 3.2157 3.8824 10.615 14.3580 4.4220 9.8630 3.9090 501
XBCM08 XBCM15 3.5856 4.0015 120.5119 9.9330 5.0340 9.8630 3.9090 125
XBCM08 XBCM16 4.0114 3.9128 113.5085 10.5720 5.4800 9.8630 3.9090 191
XBCM08 XBCM18 2.4957 2.5808 5.0873 9.3550 5.7230 9.8630 3.9090 209
XBCM08 XBCM19 2.84 3.9682 7.7116 11.2320 5.9750 9.8630 3.9090 275
XBCM08 XBCM20 4.2924 3.524 42.2444 10.0540 6.2250 9.8630 3.9090 258
XBCM08 XBCM21 2.9439 4.191 3.0731 12.6200 6.4670 9.8630 3.9090 417
XBCM08 XBCM22 4.1197 3.8648 5.5253 13.2680 6.4770 9.8630 3.9090 473
XBCM08 XBCM25 3.9499 3.8511 8.64 11.8110 6.7600 9.8630 3.9090 383
XBCM08 XBCM31 3.3057 3.941 3.8405 15.2620 10.3270 9.8630 3.9090 929
XBCM09 XBCM10 2.6863 3.9058 107.0082 10.6190 4.2230 9.3280 4.2340 143
XBCM09 XBCM12 3.1603 3.812 29.4671 11.6340 4.4810 9.3280 4.2340 257
XBCM09 XBCM14 3.73 3.8957 33.0151 14.3580 4.4220 9.3280 4.2340 558
XBCM09 XBCM15 2.9503 4.4375 78.54 9.9330 5.0340 9.3280 4.2340 111
XBCM09 XBCM16 3.4977 3.726 94.321 10.5720 5.4800 9.3280 4.2340 195
XBCM09 XBCM17 3.8361 3.7968 14.5855 12.3120 5.5460 9.3280 4.2340 361
XBCM09 XBCM18 3.1073 4.2335 50.9529 9.3550 5.7230 9.3280 4.2340 165
XBCM09 XBCM19 2.8538 3.9831 18.8122 11.2320 5.9750 9.3280 4.2340 286
XBCM09 XBCM21 3.9857 3.6915 14.3678 12.6200 6.4670 9.3280 4.2340 441
XBCM09 XBCM22 3.5033 3.8302 11.1369 13.2680 6.4770 9.3280 4.2340 502
XBCM09 XBCM23 3.6145 3.7482 73.7335 10.7930 6.3700 9.3280 4.2340 287
XBCM09 XBCM24 3.5109 3.8626 17.6082 14.2880 6.5230 9.3280 4.2340 605
XBCM09 XBCM25 3.5687 3.8252 12.5157 11.8110 6.7600 9.3280 4.2340 393
XBCM09 XBCM26 3.1452 3.8599 12.75 13.5480 7.2650 9.3280 4.2340 575
XBCM09 XBCM27 3.7347 3.7546 8.4839 12.6670 7.3590 9.3280 4.2340 507
XBCM09 XBCM28 3.7621 3.7471 9.9876 13.2370 8.4690 9.3280 4.2340 639
XBCM09 XBCM29 3.8961 3.7725 18.526 13.3850 9.3470 9.3280 4.2340 723
XBCM09 XBCM30 3.5879 3.8096 16.9479 13.9500 9.7570 9.3280 4.2340 798
XBCM09 XBCM32 3.6018 3.8192 10.3053 14.3720 10.6190 9.3280 4.2340 901
XBCM10 XBCM11 2.9663 3.9179 24.8679 13.1880 3.9800 10.6190 4.2230 286
XBCM10 XBCM12 2.7555 4.1997 124.3911 11.6340 4.4810 10.6190 4.2230 116
XBCM10 XBCM13 3.0708 4.1778 20.1691 9.4620 4.5880 10.6190 4.2230 134
XBCM10 XBCM14 3.548 3.9202 43.2903 14.3580 4.4220 10.6190 4.2230 415
XBCM10 XBCM15 2.2651 2.0233 48.2771 9.9330 5.0340 10.6190 4.2230 117
XBCM10 XBCM16 3.1052 3.7794 141.3075 10.5720 5.4800 10.6190 4.2230 139
XBCM10 XBCM17 3.1846 3.9635 32.3476 12.3120 5.5460 10.6190 4.2230 238
XBCM10 XBCM18 3.475 3.9378 14.3612 9.3550 5.7230 10.6190 4.2230 217
XBCM10 XBCM19 3.4355 3.8831 73.9278 11.2320 5.9750 10.6190 4.2230 206
XBCM10 XBCM20 3.3028 3.8412 20.7161 10.0540 6.2250 10.6190 4.2230 231
XBCM10 XBCM22 3.8914 3.9452 21.9454 13.2680 6.4770 10.6190 4.2230 385
XBCM10 XBCM23 3.0911 3.905 21.4235 10.7930 6.3700 10.6190 4.2230 239
XBCM10 XBCM25 3.6609 3.8364 36.8264 11.8110 6.7600 10.6190 4.2230 311
XBCM10 XBCM26 3.3329 3.9503 11.6107 13.5480 7.2650 10.6190 4.2230 468
XBCM10 XBCM27 3.4822 3.8112 7.3627 12.6670 7.3590 10.6190 4.2230 415
XBCM10 XBCM28 3.872 3.8204 22.8392 13.2370 8.4690 10.6190 4.2230 553
XBCM10 XBCM29 3.6983 3.8162 10.9962 13.3850 9.3470 10.6190 4.2230 646
XBCM10 XBCM30 3.5109 3.8653 18.5132 13.9500 9.7570 10.6190 4.2230 716
XBCM10 XBCM31 3.8278 3.8743 12.2426 15.2620 10.3270 10.6190 4.2230 850
XBCM10 XBCM32 3.6536 3.8495 20.126 14.3720 10.6190 10.6190 4.2230 822
XBCM11 XBCM12 2.8347 4.1356 43.124 11.6340 4.4810 13.1880 3.9800 181
XBCM11 XBCM13 3.8868 3.787 11.6753 9.4620 4.5880 13.1880 3.9800 418
XBCM11 XBCM14 3.0035 4.0346 79.0777 14.3580 4.4220 13.1880 3.9800 138
XBCM11 XBCM15 3.4266 3.7914 35.8832 9.9330 5.0340 13.1880 3.9800 379
XBCM11 XBCM16 3.4702 3.9542 22.5783 10.5720 5.4800 13.1880 3.9800 334
XBCM11 XBCM17 3.0784 4.0065 60.1124 12.3120 5.5460 13.1880 3.9800 199
XBCM11 XBCM18 3.3547 3.9283 18.8303 9.3550 5.7230 13.1880 3.9800 466
XBCM11 XBCM19 3.6153 3.9544 32.2044 11.2320 5.9750 13.1880 3.9800 310
XBCM11 XBCM21 3.1135 4.0845 30.1117 12.6200 6.4670 13.1880 3.9800 283
XBCM11 XBCM22 2.8639 3.9949 15.3907 13.2680 6.4770 13.1880 3.9800 277
XBCM11 XBCM23 3.7127 3.8665 37.1348 10.7930 6.3700 13.1880 3.9800 375
XBCM11 XBCM24 3.58 3.8963 74.0551 14.2880 6.5230 13.1880 3.9800 307
XBCM11 XBCM25 3.3477 3.8958 19.4161 11.8110 6.7600 13.1880 3.9800 344
XBCM11 XBCM26 3.9048 3.8367 14.1128 13.5480 7.2650 13.1880 3.9800 367
XBCM11 XBCM27 3.6875 3.8533 13.9845 12.6670 7.3590 13.1880 3.9800 380
XBCM11 XBCM28 3.1302 3.9228 9.0736 13.2370 8.4690 13.1880 3.9800 499
XBCM11 XBCM29 3.3247 3.962 13.8877 13.3850 9.3470 13.1880 3.9800 597
XBCM11 XBCM30 3.5807 3.873 26.8564 13.9500 9.7570 13.1880 3.9800 648
XBCM11 XBCM31 3.5432 3.869 13.0882 15.2620 10.3270 13.1880 3.9800 742
XBCM11 XBCM32 3.7767 3.8497 22.0615 14.3720 10.6190 13.1880 3.9800 749
XBCM12 XBCM13 3.0548 3.8821 7.1669 9.4620 4.5880 11.6340 4.4810 241
XBCM12 XBCM14 3.5382 3.8503 49.6179 14.3580 4.4220 11.6340 4.4810 302
XBCM12 XBCM15 3.4467 3.8323 79.3591 9.9330 5.0340 11.6340 4.4810 198
XBCM12 XBCM16 4.3437 3.6593 57.4262 10.5720 5.4800 11.6340 4.4810 161
XBCM12 XBCM18 3.6654 3.8406 72.2211 9.3550 5.7230 11.6340 4.4810 287
XBCM12 XBCM19 3.7898 3.7355 73.7317 11.2320 5.9750 11.6340 4.4810 172
XBCM12 XBCM20 3.7203 3.9096 63.8223 10.0540 6.2250 11.6340 4.4810 261
XBCM12 XBCM22 4.1283 3.9005 58.4472 13.2680 6.4770 11.6340 4.4810 286
XBCM12 XBCM23 3.2321 3.8033 35.1227 10.7930 6.3700 11.6340 4.4810 229
XBCM12 XBCM24 4.0936 3.9613 26.9499 14.2880 6.5230 11.6340 4.4810 371
XBCM12 XBCM25 3.116 3.95 25.2853 11.8110 6.7600 11.6340 4.4810 254
XBCM12 XBCM26 3.2852 3.9627 14.767 13.5480 7.2650 11.6340 4.4810 375
XBCM12 XBCM28 3.3651 3.8821 14.1442 13.2370 8.4690 11.6340 4.4810 477
XBCM12 XBCM29 3.8165 3.7876 17.1477 13.3850 9.3470 11.6340 4.4810 574
XBCM12 XBCM30 3.4925 3.8321 26.8249 13.9500 9.7570 11.6340 4.4810 640
XBCM12 XBCM31 3.7596 3.833 7.0214 15.2620 10.3270 11.6340 4.4810 763
XBCM12 XBCM32 3.7017 4.6594 13.5876 14.3720 10.6190 11.6340 4.4810 746
XBCM13 XBCM14 3.5499 3.8568 13.4424 14.3580 4.4220 9.4620 4.5880 543
XBCM13 XBCM18 3.2842 4.1475 24.896 9.3550 5.7230 9.4620 4.5880 126
XBCM13 XBCM19 2.901 4.0379 8.6104 11.2320 5.9750 9.4620 4.5880 249
XBCM13 XBCM20 2.6109 4.245 4.6031 10.0540 6.2250 9.4620 4.5880 193
XBCM13 XBCM23 4.0359 3.5741 5.8642 10.7930 6.3700 9.4620 4.5880 246
XBCM13 XBCM24 3.6803 3.8645 4.4167 14.2880 6.5230 9.4620 4.5880 575
XBCM13 XBCM25 3.9139 3.6905 11.7634 11.8110 6.7600 9.4620 4.5880 354
XBCM13 XBCM26 3.3065 3.8082 5.6958 13.5480 7.2650 9.4620 4.5880 541
XBCM13 XBCM30 3.8737 3.7447 4.7588 13.9500 9.7570 9.4620 4.5880 758
XBCM14 XBCM15 3.6946 3.8403 30.6396 9.9330 5.0340 14.3580 4.4220 495
XBCM14 XBCM16 3.689 3.8048 11.799 10.5720 5.4800 14.3580 4.4220 435
XBCM14 XBCM17 3.307 4.0159 21.3132 12.3120 5.5460 14.3580 4.4220 258
XBCM14 XBCM18 3.4344 3.8347 31.4979 9.3550 5.7230 14.3580 4.4220 572
XBCM14 XBCM19 3.5506 3.8941 28.3951 11.2320 5.9750 14.3580 4.4220 386
XBCM14 XBCM20 3.5553 3.8552 25.2676 10.0540 6.2250 14.3580 4.4220 517
XBCM14 XBCM21 3.5364 3.8036 45.1485 12.6200 6.4670 14.3580 4.4220 297
XBCM14 XBCM22 3.364 3.7749 42.1837 13.2680 6.4770 14.3580 4.4220 258
XBCM14 XBCM23 3.3462 3.8841 24.715 10.7930 6.3700 14.3580 4.4220 450
XBCM14 XBCM24 3.2231 3.9086 64.4421 14.2880 6.5230 14.3580 4.4220 233
XBCM14 XBCM25 3.7097 3.9459 26.9504 11.8110 6.7600 14.3580 4.4220 383
XBCM14 XBCM27 3.7376 3.8015 12.559 12.6670 7.3590 14.3580 4.4220 376
XBCM14 XBCM28 3.7918 3.8828 14.0136 13.2370 8.4690 14.3580 4.4220 466
XBCM14 XBCM29 3.5972 3.8556 11.0976 13.3850 9.3470 14.3580 4.4220 558
XBCM14 XBCM30 3.6875 3.9055 22.1922 13.9500 9.7570 14.3580 4.4220 595
XBCM14 XBCM32 3.3843 3.9202 12.5092 14.3720 10.6190 14.3580 4.4220 689
XBCM15 XBCM17 3.4933 3.8018 53.7818 12.3120 5.5460 9.9330 5.0340 269
XBCM15 XBCM19 3.4678 3.8448 142.7478 11.2320 5.9750 9.9330 5.0340 177
XBCM15 XBCM21 3.9488 3.6528 16.1962 12.6200 6.4670 9.9330 5.0340 337
XBCM15 XBCM22 3.3428 3.8189 18.4339 13.2680 6.4770 9.9330 5.0340 402
XBCM15 XBCM23 4.3496 3.646 60.1456 10.7930 6.3700 9.9330 5.0340 176
XBCM15 XBCM25 3.6815 3.7988 47.9379 11.8110 6.7600 9.9330 5.0340 282
XBCM15 XBCM26 3.4834 3.7429 11.0918 13.5480 7.2650 9.9330 5.0340 470
XBCM15 XBCM28 4.0514 3.765 8.3928 13.2370 8.4690 9.9330 5.0340 528
XBCM15 XBCM29 3.5533 3.7886 16.8914 13.3850 9.3470 9.9330 5.0340 612
XBCM15 XBCM30 3.2974 3.7894 18.7215 13.9500 9.7570 9.9330 5.0340 687
XBCM15 XBCM31 3.6613 3.8086 15.2294 15.2620 10.3270 9.9330 5.0340 831
XBCM15 XBCM32 3.5148 3.7777 11.9245 14.3720 10.6190 9.9330 5.0340 790
XBCM16 XBCM17 3.6686 3.7315 95.5046 12.3120 5.5460 10.5720 5.4800 192
XBCM16 XBCM18 2.8743 3.9019 142.6811 9.3550 5.7230 10.5720 5.4800 137
XBCM16 XBCM20 2.7696 4.5928 112.563 10.0540 6.2250 10.5720 5.4800 100
XBCM16 XBCM21 3.9409 3.6786 64.1796 12.6200 6.4670 10.5720 5.4800 251
XBCM16 XBCM24 3.6669 3.9146 12.7071 14.2880 6.5230 10.5720 5.4800 427
XBCM16 XBCM25 3.6106 3.6685 62.9582 11.8110 6.7600 10.5720 5.4800 197
XBCM16 XBCM26 3.0395 3.9175 6.3197 13.5480 7.2650 10.5720 5.4800 384
XBCM16 XBCM27 3.995 3.6702 64.3382 12.6670 7.3590 10.5720 5.4800 311
XBCM16 XBCM29 4.0212 3.702 13.5634 13.3850 9.3470 10.5720 5.4800 530
XBCM16 XBCM30 3.7335 3.8311 11.6584 13.9500 9.7570 10.5720 5.4800 604
XBCM16 XBCM31 3.8371 3.785 9.6312 15.2620 10.3270 10.5720 5.4800 746
XBCM16 XBCM32 3.7451 3.8119 8.383 14.3720 10.6190 10.5720 5.4800 708
XBCM17 XBCM18 3.5545 3.7438 35.0378 9.3550 5.7230 12.3120 5.5460 327
XBCM17 XBCM19 2.2235 2.0765 62.6592 11.2320 5.9750 12.3120 5.5460 128
XBCM17 XBCM20 3.7238 3.6762 66.2067 10.0540 6.2250 12.3120 5.5460 260
XBCM17 XBCM21 3.3897 4.3673 93.3288 12.6200 6.4670 12.3120 5.5460 107
XBCM17 XBCM22 2.8443 4.156 77.8998 13.2680 6.4770 12.3120 5.5460 148
XBCM17 XBCM23 3.4459 3.6969 63.1341 10.7930 6.3700 12.3120 5.5460 191
XBCM17 XBCM24 3.2152 3.9892 31.266 14.2880 6.5230 12.3120 5.5460 244
XBCM17 XBCM25 2.1433 2.2714 27.8554 11.8110 6.7600 12.3120 5.5460 145
XBCM17 XBCM27 3.1845 4.0468 79.9561 12.6670 7.3590 12.3120 5.5460 205
XBCM17 XBCM28 3.4689 3.8483 17.5203 13.2370 8.4690 12.3120 5.5460 340
XBCM17 XBCM29 3.426 3.9374 8.291 13.3850 9.3470 12.3120 5.5460 439
XBCM17 XBCM31 3.6256 3.9026 15.035 15.2620 10.3270 12.3120 5.5460 623
XBCM17 XBCM32 3.8589 3.8495 22.0493 14.3720 10.6190 12.3120 5.5460 608
XBCM18 XBCM21 3.5506 3.8116 18.0606 12.6200 6.4670 9.3550 5.7230 370
XBCM18 XBCM23 3.4324 3.7813 112.845 10.7930 6.3700 9.3550 5.7230 174
XBCM18 XBCM24 3.6383 3.7896 88.9328 14.2880 6.5230 9.3550 5.7230 552
XBCM18 XBCM25 3.4595 3.7428 24.2486 11.8110 6.7600 9.3550 5.7230 295
XBCM18 XBCM26 3.1181 3.8706 10.558 13.5480 7.2650 9.3550 5.7230 494
XBCM18 XBCM27 3.569 3.7676 12.5009 12.6670 7.3590 9.3550 5.7230 408
XBCM18 XBCM30 3.4607 3.7775 13.119 13.9500 9.7570 9.3550 5.7230 676
XBCM18 XBCM31 3.2393 3.8894 4.5086 15.2620 10.3270 9.3550 5.7230 827
XBCM19 XBCM20 2.8267 3.9167 76.5715 10.0540 6.2250 11.2320 5.9750 133
XBCM19 XBCM27 3.9469 3.6309 84.6127 12.6670 7.3590 11.2320 5.9750 220
XBCM19 XBCM28 3.3274 3.8773 23.5643 13.2370 8.4690 11.2320 5.9750 354
XBCM19 XBCM29 3.4883 3.8006 10.4138 13.3850 9.3470 11.2320 5.9750 443
XBCM19 XBCM30 3.9583 3.8446 18.8692 13.9500 9.7570 11.2320 5.9750 516
XBCM19 XBCM32 3.8637 3.8427 16.0154 14.3720 10.6190 11.2320 5.9750 621
XBCM20 XBCM21 3.2193 3.7809 35.5652 12.6200 6.4670 10.0540 6.2250 284
XBCM20 XBCM22 3.914 3.726 22.9739 13.2680 6.4770 10.0540 6.2250 356
XBCM20 XBCM23 2.2617 4.43 77.1372 10.7930 6.3700 10.0540 6.2250 83
XBCM20 XBCM24 3.7162 3.7901 15.593 14.2880 6.5230 10.0540 6.2250 469
XBCM20 XBCM25 2.5333 3.9875 12.0179 11.8110 6.7600 10.0540 6.2250 203
XBCM20 XBCM27 3.3706 3.7381 17.3351 12.6670 7.3590 10.0540 6.2250 314
XBCM20 XBCM28 3.2627 3.7988 11.4535 13.2370 8.4690 10.0540 6.2250 430
XBCM20 XBCM30 3.6412 3.7748 18.9256 13.9500 9.7570 10.0540 6.2250 581
XBCM20 XBCM31 3.3874 3.8308 15.6741 15.2620 10.3270 10.0540 6.2250 732
XBCM21 XBCM23 3.5004 3.7377 79.8385 10.7930 6.3700 12.6200 6.4670 202
XBCM21 XBCM24 2.8805 3.9703 90.3014 14.2880 6.5230 12.6200 6.4670 184
XBCM21 XBCM25 3.191 4.2219 78.008 11.8110 6.7600 12.6200 6.4670 95
XBCM21 XBCM28 3.2847 3.8305 37.2981 13.2370 8.4690 12.6200 6.4670 232
XBCM21 XBCM29 3.7971 3.8824 33.4979 13.3850 9.3470 12.6200 6.4670 331
XBCM21 XBCM30 3.4955 3.8128 18.4363 13.9500 9.7570 12.6200 6.4670 394
XBCM21 XBCM31 3.7813 3.8787 15.4003 15.2620 10.3270 12.6200 6.4670 518
XBCM22 XBCM23 3.5912 3.747 60.7445 10.7930 6.3700 13.2680 6.4770 273
XBCM22 XBCM24 3.0643 3.9969 128.1453 14.2880 6.5230 13.2680 6.4770 112
XBCM22 XBCM25 2.7303 3.9722 30.8849 11.8110 6.7600 13.2680 6.4770 164
XBCM22 XBCM27 2.4974 4.6655 94.6506 12.6670 7.3590 13.2680 6.4770 118
XBCM22 XBCM28 3.3281 3.8968 36.464 13.2370 8.4690 13.2680 6.4770 221
XBCM22 XBCM29 3.4682 3.8168 39.9058 13.3850 9.3470 13.2680 6.4770 319
XBCM22 XBCM31 3.8495 3.8209 17.3269 15.2620 10.3270 13.2680 6.4770 481
XBCM22 XBCM32 3.5091 3.7838 11.1728 14.3720 10.6190 13.2680 6.4770 476
XBCM23 XBCM24 3.5917 3.7674 22.8588 14.2880 6.5230 10.7930 6.3700 386
XBCM23 XBCM25 2.3647 4.4021 82.6408 11.8110 6.7600 10.7930 6.3700 120
XBCM23 XBCM26 3.6784 3.8201 43.2485 13.5480 7.2650 10.7930 6.3700 320
XBCM23 XBCM27 3.032 3.8828 51.4469 12.6670 7.3590 10.7930 6.3700 234
XBCM23 XBCM28 3.7169 3.7858 17.0436 13.2370 8.4690 10.7930 6.3700 356
XBCM23 XBCM29 3.5586 3.8821 29.3141 13.3850 9.3470 10.7930 6.3700 437
XBCM23 XBCM31 3.4954 3.8503 16.9116 15.2620 10.3270 10.7930 6.3700 659
XBCM23 XBCM32 3.785 3.8516 12.6326 14.3720 10.6190 10.7930 6.3700 615
XBCM24 XBCM25 2.8616 3.833 23.0374 11.8110 6.7600 14.2880 6.5230 274
XBCM24 XBCM26 3.0683 4.4158 67.6687 13.5480 7.2650 14.2880 6.5230 116
XBCM24 XBCM27 3.0906 3.8824 72.1558 12.6670 7.3590 14.2880 6.5230 201
XBCM24 XBCM28 4.04 3.5982 93.6316 13.2370 8.4690 14.2880 6.5230 245
XBCM24 XBCM31 3.4342 3.8817 14.1863 15.2620 10.3270 14.2880 6.5230 436
XBCM24 XBCM32 3.443 3.8809 17.4176 14.3720 10.6190 14.2880 6.5230 455
XBCM25 XBCM26 2.5691 4.0986 13.845 13.5480 7.2650 11.8110 6.7600 199
XBCM25 XBCM27 2.715 4.364 115.1107 12.6670 7.3590 11.8110 6.7600 115
XBCM25 XBCM31 4.0291 3.8184 10.34 15.2620 10.3270 11.8110 6.7600 549
XBCM25 XBCM32 3.3316 3.8915 9.0167 14.3720 10.6190 11.8110 6.7600 513
XBCM26 XBCM27 2.5865 4.3079 257.8666 12.6670 7.3590 13.5480 7.2650 97
XBCM26 XBCM30 3.9173 3.891 89.7117 13.9500 9.7570 13.5480 7.2650 280
XBCM26 XBCM31 3.1304 4.0184 7.9867 15.2620 10.3270 13.5480 7.2650 389
XBCM26 XBCM32 3.8588 3.8584 24.8129 14.3720 10.6190 13.5480 7.2650 383
XBCM27 XBCM28 2.2207 2.2305 113.5679 13.2370 8.4690 12.6670 7.3590 138
XBCM27 XBCM29 3.2628 3.8963 82.9545 13.3850 9.3470 12.6670 7.3590 234
XBCM27 XBCM31 4.5421 3.7602 18.6339 15.2620 10.3270 12.6670 7.3590 436
XBCM27 XBCM32 3.3142 3.8841 7.6179 14.3720 10.6190 12.6670 7.3590 408
XBCM28 XBCM29 3.1754 4.3036 195.492 13.3850 9.3470 13.2370 8.4690 99
XBCM28 XBCM30 3.5293 3.9759 120.2382 13.9500 9.7570 13.2370 8.4690 163
XBCM28 XBCM31 3.6667 3.9414 37.9564 15.2620 10.3270 13.2370 8.4690 303
XBCM28 XBCM32 3.7903 3.8728 88.4479 14.3720 10.6190 13.2370 8.4690 269
XBCM29 XBCM31 3.4524 4.0388 39.6939 15.2620 10.3270 13.3850 9.3470 232
XBCM29 XBCM32 2.9489 4.0764 49.8522 14.3720 10.6190 13.3850 9.3470 178
XBCM30 XBCM31 3.1156 4.1273 109.6955 15.2620 10.3270 13.9500 9.7570 157
XBCM30 XBCM32 2.2514 4.7384 123.3452 14.3720 10.6190 13.9500 9.7570 106
XBCM31 XBCM32 2.4337 4.5228 103.4021 14.3720 10.6190 15.2620 10.3270 102
