XBCM01 XBCM02 3.7417 3.9434 16.3872 13.2890 2.6980 9.8340 2.3890 385
XBCM01 XBCM03 3.3115 4.0522 11.9528 15.0340 3.5190 9.8340 2.3890 591
XBCM01 XBCM04 3.222 4.1044 53.8718 11.9590 2.9790 9.8340 2.3890 245
XBCM01 XBCM06 3.6421 4.0181 88.5166 11.2680 2.3850 9.8340 2.3890 159
XBCM01 XBCM07 3.2925 4.0815 36.3976 11.4560 3.8700 9.8340 2.3890 244
XBCM01 XBCM10 3.3866 3.959 23.579 10.6190 4.2230 9.8340 2.3890 221
XBCM01 XBCM12 2.9332 4.1052 8.8455 11.6340 4.4810 9.8340 2.3890 306
XBCM01 XBCM13 3.1411 3.8341 4.6772 9.4620 4.5880 9.8340 2.3890 248
XBCM01 XBCM15 2.6209 4.071 8.4093 9.9330 5.0340 9.8340 2.3890 294
XBCM01 XBCM17 3.3994 3.995 9.9229 12.3120 5.5460 9.8340 2.3890 445
XBCM01 XBCM18 3.6445 3.895 32.0247 9.3550 5.7230 9.8340 2.3890 374
XBCM01 XBCM19 3.5508 3.9222 10.2503 11.2320 5.9750 9.8340 2.3890 427
XBCM01 XBCM20 3.7003 3.857 10.2612 10.0540 6.2250 9.8340 2.3890 427
XBCM01 XBCM21 3.225 3.1172 6.2496 12.6200 6.4670 9.8340 2.3890 548
XBCM01 XBCM22 3.3152 4.0933 6.9956 13.2680 6.4770 9.8340 2.3890 593
XBCM01 XBCM23 3.1849 3.9356 6.2365 10.7930 6.3700 9.8340 2.3890 455
XBCM01 XBCM26 3.8164 3.8827 6.6087 13.5480 7.2650 9.8340 2.3890 680
XBCM01 XBCM27 3.6373 3.8998 6.8906 12.6670 7.3590 9.8340 2.3890 635
XBCM01 XBCM28 3.5177 3.8972 8.6442 13.2370 8.4690 9.8340 2.3890 774
XBCM01 XBCM29 3.4302 3.9405 5.9906 13.3850 9.3470 9.8340 2.3890 867
XBCM01 XBCM30 3.2598 3.9576 11.3938 13.9500 9.7570 9.8340 2.3890 937
XBCM01 XBCM31 3.5437 3.9963 6.5155 15.2620 10.3270 9.8340 2.3890 1067
XBCM01 XBCM32 3.6339 3.9085 7.4643 14.3720 10.6190 9.8340 2.3890 1043
XBCM02 XBCM04 2.8379 4.1075 36.2978 11.9590 2.9790 13.2890 2.6980 151
XBCM02 XBCM05 3.7691 3.9347 25.6775 9.9140 2.9420 13.2890 2.6980 375
XBCM02 XBCM06 3.3632 4.0579 30.9899 11.2680 2.3850 13.2890 2.6980 227
XBCM02 XBCM07 3.7413 4.051 53.3805 11.4560 3.8700 13.2890 2.6980 241
XBCM02 XBCM09 4.0149 3.8892 14.4051 9.3280 4.2340 13.2890 2.6980 471
XBCM02 XBCM13 3.9162 3.9707 7.8089 9.4620 4.5880 13.2890 2.6980 473
XBCM02 XBCM14 3.3577 3.9858 19.4188 14.3580 4.4220 13.2890 2.6980 225
XBCM02 XBCM15 3.3263 4.041 12.016 9.9330 5.0340 13.2890 2.6980 454
XBCM02 XBCM17 3.3906 4.0232 25.0818 12.3120 5.5460 13.2890 2.6980 334
XBCM02 XBCM19 3.5499 3.9221 13.07 11.2320 5.9750 13.2890 2.6980 429
XBCM02 XBCM21 3.5559 3.9801 8.2045 12.6200 6.4670 13.2890 2.6980 425
XBCM02 XBCM23 4.0985 3.7952 13.6857 10.7930 6.3700 13.2890 2.6980 493
XBCM02 XBCM24 3.2559 4.0136 4.3983 14.2880 6.5230 13.2890 2.6980 439
XBCM02 XBCM25 3.9379 3.8277 8.7343 11.8110 6.7600 13.2890 2.6980 480
XBCM02 XBCM26 3.0485 4.0479 5.9448 13.5480 7.2650 13.2890 2.6980 508
XBCM02 XBCM28 3.5496 3.9671 8.8221 13.2370 8.4690 13.2890 2.6980 641
XBCM02 XBCM29 3.6724 3.9923 5.0799 13.3850 9.3470 13.2890 2.6980 739
XBCM02 XBCM30 3.8745 3.9454 10.9163 13.9500 9.7570 13.2890 2.6980 788
XBCM02 XBCM32 3.6636 3.9315 12.317 14.3720 10.6190 13.2890 2.6980 889
XBCM03 XBCM04 3.3961 4.068 13.9916 11.9590 2.9790 15.0340 3.5190 346
XBCM03 XBCM05 3.3262 4.0294 6.6937 9.9140 2.9420 15.0340 3.5190 572
XBCM03 XBCM06 3.4577 4.047 14.64 11.2680 2.3850 15.0340 3.5190 436
XBCM03 XBCM07 3.6337 3.8955 15.3498 11.4560 3.8700 15.0340 3.5190 399
XBCM03 XBCM09 4.2384 3.8068 7.0138 9.3280 4.2340 15.0340 3.5190 638
XBCM03 XBCM10 3.2184 4.007 10.3352 10.6190 4.2230 15.0340 3.5190 496
XBCM03 XBCM11 3.3426 3.9315 21.6961 13.1880 3.9800 15.0340 3.5190 211
XBCM03 XBCM12 3.2042 3.9887 7.4018 11.6340 4.4810 15.0340 3.5190 392
XBCM03 XBCM13 4.1574 3.7781 5.4694 9.4620 4.5880 15.0340 3.5190 629
XBCM03 XBCM14 3.1571 4.5061 13.1932 14.3580 4.4220 15.0340 3.5190 125
XBCM03 XBCM15 3.5941 3.9073 17.7337 9.9330 5.0340 15.0340 3.5190 590
XBCM03 XBCM17 3.2247 4.1831 8.4308 12.3120 5.5460 15.0340 3.5190 376
XBCM03 XBCM18 3.3845 3.9831 7.4047 9.3550 5.7230 15.0340 3.5190 675
XBCM03 XBCM19 3.756 3.9275 8.9794 11.2320 5.9750 15.0340 3.5190 502
XBCM03 XBCM20 3.5524 3.9173 8.3384 10.0540 6.2250 15.0340 3.5190 628
XBCM03 XBCM21 3.5626 3.9191 9.5176 12.6200 6.4670 15.0340 3.5190 423
XBCM03 XBCM22 3.8021 3.8003 5.7676 13.2680 6.4770 15.0340 3.5190 382
XBCM03 XBCM23 3.3881 3.9698 12.0852 10.7930 6.3700 15.0340 3.5190 566
XBCM03 XBCM24 3.3866 4.0513 8.3528 14.2880 6.5230 15.0340 3.5190 344
XBCM03 XBCM25 3.6235 3.9276 5.378 11.8110 6.7600 15.0340 3.5190 507
XBCM03 XBCM26 3.1753 3.9544 4.4994 13.5480 7.2650 15.0340 3.5190 447
XBCM03 XBCM27 3.6032 3.8849 12.9004 12.6670 7.3590 15.0340 3.5190 501
XBCM03 XBCM28 3.8535 3.8958 10.0557 13.2370 8.4690 15.0340 3.5190 585
XBCM03 XBCM29 4.0646 3.8168 5.0289 13.3850 9.3470 15.0340 3.5190 673
XBCM03 XBCM30 3.7002 3.8871 21.1617 13.9500 9.7570 15.0340 3.5190 704
XBCM03 XBCM31 3.4699 3.9592 4.8675 15.2620 10.3270 15.0340 3.5190 757
XBCM03 XBCM32 3.4155 3.9393 9.6958 14.3720 10.6190 15.0340 3.5190 793
XBCM04 XBCM05 3.417 3.9981 55.4101 9.9140 2.9420 11.9590 2.9790 227
XBCM04 XBCM08 3.3605 4.301 23.9732 9.8630 3.9090 11.9590 2.9790 254
XBCM04 XBCM10 3.1079 4.3808 57.657 10.6190 4.2230 11.9590 2.9790 203
XBCM04 XBCM11 2.725 4.4633 35.9338 13.1880 3.9800 11.9590 2.9790 176
XBCM04 XBCM12 4.0145 3.7113 49.1098 11.6340 4.4810 11.9590 2.9790 170
XBCM04 XBCM13 2.8992 2.9617 3.2367 9.4620 4.5880 11.9590 2.9790 329
XBCM04 XBCM15 3.5321 3.9782 42.0855 9.9330 5.0340 11.9590 2.9790 320
XBCM04 XBCM17 2.9941 4.1908 31.6367 12.3120 5.5460 11.9590 2.9790 288
XBCM04 XBCM18 2.885 4.0125 4.1443 9.3550 5.7230 11.9590 2.9790 420
XBCM04 XBCM21 3.3863 4.1519 11.3441 12.6200 6.4670 11.9590 2.9790 394
XBCM04 XBCM23 3.6574 3.8746 46.434 10.7930 6.3700 11.9590 2.9790 398
XBCM04 XBCM24 3.1915 4.0688 8.3084 14.2880 6.5230 11.9590 2.9790 471
XBCM04 XBCM25 3.57 3.9895 7.7524 11.8110 6.7600 11.9590 2.9790 420
XBCM04 XBCM26 3.8049 3.9085 7.0734 13.5480 7.2650 11.9590 2.9790 508
XBCM04 XBCM27 2.9013 4.1464 5.7404 12.6670 7.3590 11.9590 2.9790 493
XBCM04 XBCM28 3.9307 3.9167 8.8057 13.2370 8.4690 11.9590 2.9790 626
XBCM04 XBCM29 4.1672 3.7993 6.9182 13.3850 9.3470 11.9590 2.9790 725
XBCM04 XBCM30 3.4817 3.8735 16.8423 13.9500 9.7570 11.9590 2.9790 785
XBCM04 XBCM31 3.3941 3.985 4.9858 15.2620 10.3270 11.9590 2.9790 894
XBCM05 XBCM06 3.5026 4.0806 107.3048 11.2680 2.3850 9.9140 2.9420 162
XBCM05 XBCM07 3.1671 4.2267 200.7173 11.4560 3.8700 9.9140 2.9420 199
XBCM05 XBCM11 3.2436 4.053 21.0081 13.1880 3.9800 9.9140 2.9420 381
XBCM05 XBCM12 3.2684 4.0858 42.6626 11.6340 4.4810 9.9140 2.9420 256
XBCM05 XBCM13 3.9923 3.7767 7.5191 9.4620 4.5880 9.9140 2.9420 189
XBCM05 XBCM14 3.2715 4.0503 10.8188 14.3580 4.4220 9.9140 2.9420 520
XBCM05 XBCM15 3.4195 4.0487 51.3339 9.9330 5.0340 9.9140 2.9420 232
XBCM05 XBCM16 2.8195 4.1764 8.8348 10.5720 5.4800 9.9140 2.9420 291
XBCM05 XBCM17 4.2101 3.9105 8.1967 12.3120 5.5460 9.9140 2.9420 393
XBCM05 XBCM18 3.6532 3.9326 26.7667 9.3550 5.7230 9.9140 2.9420 315
XBCM05 XBCM19 4.1797 3.7454 29.1171 11.2320 5.9750 9.9140 2.9420 367
XBCM05 XBCM20 3.2162 3.9623 9.5728 10.0540 6.2250 9.9140 2.9420 365
XBCM05 XBCM21 3.7646 4.0083 6.3956 12.6200 6.4670 9.9140 2.9420 493
XBCM05 XBCM22 3.665 4.0566 4.9044 13.2680 6.4770 9.9140 2.9420 541
XBCM05 XBCM23 3.8911 3.8778 9.9248 10.7930 6.3700 9.9140 2.9420 393
XBCM05 XBCM24 3.6779 3.9659 4.8893 14.2880 6.5230 9.9140 2.9420 627
XBCM05 XBCM25 3.206 3.9502 5.1638 11.8110 6.7600 9.9140 2.9420 473
XBCM05 XBCM27 3.8998 3.8041 4.696 12.6670 7.3590 9.9140 2.9420 578
XBCM05 XBCM28 3.683 3.894 4.9973 13.2370 8.4690 9.9140 2.9420 716
XBCM05 XBCM29 3.6944 3.8737 8.0902 13.3850 9.3470 9.9140 2.9420 809
XBCM05 XBCM31 3.6325 3.8863 3.7506 15.2620 10.3270 9.9140 2.9420 1011
XBCM05 XBCM32 3.7725 3.8602 3.3058 14.3720 10.6190 9.9140 2.9420 985
XBCM06 XBCM07 4.0857 3.9544 104.4711 11.4560 3.8700 11.2680 2.3850 166
XBCM06 XBCM08 2.6019 2.8161 11.3975 9.8630 3.9090 11.2680 2.3850 230
XBCM06 XBCM09 3.6966 3.9608 37.3229 9.3280 4.2340 11.2680 2.3850 297
XBCM06 XBCM10 3.3504 3.9924 37.5902 10.6190 4.2230 11.2680 2.3850 216
XBCM06 XBCM11 3.0344 4.2136 6.5558 13.1880 3.9800 11.2680 2.3850 277
XBCM06 XBCM12 2.9394 4.1796 43.7543 11.6340 4.4810 11.2680 2.3850 236
XBCM06 XBCM13 3.4659 3.9126 8.5884 9.4620 4.5880 11.2680 2.3850 316
XBCM06 XBCM14 3.5113 3.9659 12.9365 14.3580 4.4220 11.2680 2.3850 411
XBCM06 XBCM16 3.1647 2.7776 13.8901 10.5720 5.4800 11.2680 2.3850 352
XBCM06 XBCM18 3.5161 3.9503 14.6366 9.3550 5.7230 11.2680 2.3850 427
XBCM06 XBCM19 3.0903 4.0173 8.4879 11.2320 5.9750 11.2680 2.3850 399
XBCM06 XBCM20 3.2976 3.9005 8.8991 10.0540 6.2250 11.2680 2.3850 447
XBCM06 XBCM21 3.3176 4.058 6.0258 12.6200 6.4670 11.2680 2.3850 478
XBCM06 XBCM22 3.2858 4.0345 5.5591 13.2680 6.4770 11.2680 2.3850 506
XBCM06 XBCM23 3.3425 3.989 13.1889 10.7930 6.3700 11.2680 2.3850 446
XBCM06 XBCM24 3.855 3.8877 12.5664 14.2880 6.5230 11.2680 2.3850 569
XBCM06 XBCM25 3.9381 3.8976 12.8134 11.8110 6.7600 11.2680 2.3850 490
XBCM06 XBCM26 3.6704 3.9241 12.7862 13.5480 7.2650 11.2680 2.3850 598
XBCM06 XBCM27 4.0257 3.8758 6.1516 12.6670 7.3590 11.2680 2.3850 574
XBCM06 XBCM29 3.3064 3.9296 9.5308 13.3850 9.3470 11.2680 2.3850 808
XBCM06 XBCM30 3.6442 3.8969 13.2187 13.9500 9.7570 11.2680 2.3850 871
XBCM06 XBCM31 3.3574 3.9443 7.1227 15.2620 10.3270 11.2680 2.3850 987
XBCM07 XBCM08 3.0315 4.3196 52.9612 9.8630 3.9090 11.4560 3.8700 176
XBCM07 XBCM09 4.2087 3.7067 25.571 9.3280 4.2340 11.4560 3.8700 239
XBCM07 XBCM11 3.4616 3.7945 66.566 13.1880 3.9800 11.4560 3.8700 192
XBCM07 XBCM13 4.7364 3.7377 11.5561 9.4620 4.5880 11.4560 3.8700 235
XBCM07 XBCM14 3.9382 3.9041 103.1974 14.3580 4.4220 11.4560 3.8700 327
XBCM07 XBCM15 3.6446 3.9709 50.372 9.9330 5.0340 11.4560 3.8700 212
XBCM07 XBCM16 3.7616 3.8262 93.17 10.5720 5.4800 11.4560 3.8700 204
XBCM07 XBCM18 2.9081 4.246 14.7354 9.3550 5.7230 11.4560 3.8700 310
XBCM07 XBCM19 3.3408 3.9411 81.29 11.2320 5.9750 11.4560 3.8700 235
XBCM07 XBCM21 2.87 4.11 28.3029 12.6200 6.4670 11.4560 3.8700 316
XBCM07 XBCM23 3.0335 3.9879 21.8771 10.7930 6.3700 11.4560 3.8700 287
XBCM07 XBCM24 3.6333 4.0339 21.2732 14.2880 6.5230 11.4560 3.8700 430
XBCM07 XBCM25 3.4567 3.8891 36.09 11.8110 6.7600 11.4560 3.8700 323
XBCM07 XBCM26 3.2912 3.9611 23.4774 13.5480 7.2650 11.4560 3.8700 442
XBCM07 XBCM27 3.7623 3.8834 17.9457 12.6670 7.3590 11.4560 3.8700 410
XBCM07 XBCM28 4.1275 3.8112 7.7745 13.2370 8.4690 11.4560 3.8700 548
XBCM07 XBCM31 3.3096 3.953 5.4998 15.2620 10.3270 11.4560 3.8700 831
XBCM07 XBCM32 3.7187 3.8917 12.9542 14.3720 10.6190 11.4560 3.8700 816
XBCM08 XBCM10 3.4393 4.0707 57.9678 10.6190 4.2230 9.8630 3.9090 90
XBCM08 XBCM11 3.0077 4.1051 6.2967 13.1880 3.9800 9.8630 3.9090 369
XBCM08 XBCM12 3.359 3.9764 70.5259 11.6340 4.4810 9.8630 3.9090 206
XBCM08 XBCM14 3.0469 3.9608 10.1524 14.3580 4.4220 9.8630 3.9090 501
XBCM08 XBCM15 3.3698 4.0375 96.4535 9.9330 5.0340 9.8630 3.9090 125
XBCM08 XBCM16 3.9861 3.9016 114.2097 10.5720 5.4800 9.8630 3.9090 191
XBCM08 XBCM18 2.4385 2.5896 8.455 9.3550 5.7230 9.8630 3.9090 209
XBCM08 XBCM19 2.7789 4.1098 9.3494 11.2320 5.9750 9.8630 3.9090 275
XBCM08 XBCM20 4.306 3.4674 38.0536 10.0540 6.2250 9.8630 3.9090 258
XBCM08 XBCM21 2.9446 4.3552 2.3963 12.6200 6.4670 9.8630 3.9090 417
XBCM08 XBCM22 4.3913 3.842 6.4445 13.2680 6.4770 9.8630 3.9090 473
XBCM08 XBCM25 4.0938 3.8454 8.7694 11.8110 6.7600 9.8630 3.9090 383
XBCM08 XBCM31 3.253 4.0103 2.8523 15.2620 10.3270 9.8630 3.9090 929
XBCM09 XBCM10 2.5499 4.0716 45.7209 10.6190 4.2230 9.3280 4.2340 143
XBCM09 XBCM12 2.9688 3.8877 8.9751 11.6340 4.4810 9.3280 4.2340 257
XBCM09 XBCM14 3.895 3.9072 22.2749 14.3580 4.4220 9.3280 4.2340 558
XBCM09 XBCM15 3.1462 4.6404 52.2263 9.9330 5.0340 9.3280 4.2340 111
XBCM09 XBCM16 3.4348 3.7467 96.1414 10.5720 5.4800 9.3280 4.2340 195
XBCM09 XBCM17 4.0681 3.7905 10.803 12.3120 5.5460 9.3280 4.2340 361
XBCM09 XBCM18 2.9882 4.3718 24.1393 9.3550 5.7230 9.3280 4.2340 165
XBCM09 XBCM19 2.7598 4.1294 5.7884 11.2320 5.9750 9.3280 4.2340 286
XBCM09 XBCM21 4.1597 3.6647 9.6688 12.6200 6.4670 9.3280 4.2340 441
XBCM09 XBCM22 3.5556 3.8616 5.0244 13.2680 6.4770 9.3280 4.2340 502
XBCM09 XBCM23 3.2914 3.7672 39.3241 10.7930 6.3700 9.3280 4.2340 287
XBCM09 XBCM24 3.5517 3.897 10.1359 14.2880 6.5230 9.3280 4.2340 605
XBCM09 XBCM25 3.6821 3.8479 5.7613 11.8110 6.7600 9.3280 4.2340 393
XBCM09 XBCM26 3.1028 3.9404 5.0862 13.5480 7.2650 9.3280 4.2340 575
XBCM09 XBCM27 3.8187 3.7547 7.7703 12.6670 7.3590 9.3280 4.2340 507
XBCM09 XBCM28 3.8943 3.7432 6.0966 13.2370 8.4690 9.3280 4.2340 639
XBCM09 XBCM29 4.1142 3.7573 10.1681 13.3850 9.3470 9.3280 4.2340 723
XBCM09 XBCM30 3.6052 3.8302 9.9251 13.9500 9.7570 9.3280 4.2340 798
XBCM09 XBCM32 3.619 3.8393 7.2677 14.3720 10.6190 9.3280 4.2340 901
XBCM10 XBCM11 2.7625 4.0379 8.9816 13.1880 3.9800 10.6190 4.2230 286
XBCM10 XBCM12 2.6812 4.4048 106.9171 11.6340 4.4810 10.6190 4.2230 116
XBCM10 XBCM13 2.9704 4.3108 17.2694 9.4620 4.5880 10.6190 4.2230 134
XBCM10 XBCM14 3.6261 3.9552 22.895 14.3580 4.4220 10.6190 4.2230 415
XBCM10 XBCM16 3.0401 3.8542 102.2841 10.5720 5.4800 10.6190 4.2230 139
XBCM10 XBCM17 3.1389 4.0518 31.3647 12.3120 5.5460 10.6190 4.2230 238
XBCM10 XBCM18 3.4328 3.9834 25.1744 9.3550 5.7230 10.6190 4.2230 217
XBCM10 XBCM19 3.3631 3.9278 110.2032 11.2320 5.9750 10.6190 4.2230 206
XBCM10 XBCM20 3.2375 3.8974 14.8381 10.0540 6.2250 10.6190 4.2230 231
XBCM10 XBCM22 4.1219 3.9461 9.66 13.2680 6.4770 10.6190 4.2230 385
XBCM10 XBCM23 3.0515 3.9982 12.4922 10.7930 6.3700 10.6190 4.2230 239
XBCM10 XBCM25 3.6958 3.852 30.6869 11.8110 6.7600 10.6190 4.2230 311
XBCM10 XBCM26 3.3012 4.0163 6.9059 13.5480 7.2650 10.6190 4.2230 468
XBCM10 XBCM28 4.0486 3.8127 13.4017 13.2370 8.4690 10.6190 4.2230 553
XBCM10 XBCM29 3.8231 3.8246 9.8204 13.3850 9.3470 10.6190 4.2230 646
XBCM10 XBCM30 3.4652 3.9009 16.5307 13.9500 9.7570 10.6190 4.2230 716
XBCM10 XBCM31 4.038 3.873 8.1097 15.2620 10.3270 10.6190 4.2230 850
XBCM10 XBCM32 3.6592 3.8676 9.9275 14.3720 10.6190 10.6190 4.2230 822
XBCM11 XBCM12 2.7146 4.312 21.8593 11.6340 4.4810 13.1880 3.9800 181
XBCM11 XBCM15 3.5463 3.8271 20.5269 9.9330 5.0340 13.1880 3.9800 379
XBCM11 XBCM16 3.4886 4.0031 17.3567 10.5720 5.4800 13.1880 3.9800 334
XBCM11 XBCM17 2.9911 4.1161 70.4948 12.3120 5.5460 13.1880 3.9800 199
XBCM11 XBCM18 3.2991 3.9889 10.0573 9.3550 5.7230 13.1880 3.9800 466
XBCM11 XBCM19 3.7901 3.9846 32.2626 11.2320 5.9750 13.1880 3.9800 310
XBCM11 XBCM21 3.0482 4.2007 8.1207 12.6200 6.4670 13.1880 3.9800 283
XBCM11 XBCM22 2.7843 4.1422 5.6924 13.2680 6.4770 13.1880 3.9800 277
XBCM11 XBCM23 3.9542 3.8764 19.7515 10.7930 6.3700 13.1880 3.9800 375
XBCM11 XBCM24 3.6715 3.9247 122.0972 14.2880 6.5230 13.1880 3.9800 307
XBCM11 XBCM25 3.3088 3.9535 11.2362 11.8110 6.7600 13.1880 3.9800 344
XBCM11 XBCM26 4.1429 3.8276 10.1817 13.5480 7.2650 13.1880 3.9800 367
XBCM11 XBCM27 3.8808 3.8657 14.7944 12.6670 7.3590 13.1880 3.9800 380
XBCM11 XBCM28 3.0606 4.0146 5.6153 13.2370 8.4690 13.1880 3.9800 499
XBCM11 XBCM29 3.3014 4.0309 8.4248 13.3850 9.3470 13.1880 3.9800 597
XBCM11 XBCM30 3.5555 3.9009 23.3549 13.9500 9.7570 13.1880 3.9800 648
XBCM11 XBCM31 3.5327 3.9008 6.0646 15.2620 10.3270 13.1880 3.9800 742
XBCM11 XBCM32 3.8893 3.8535 13.3103 14.3720 10.6190 13.1880 3.9800 749
XBCM12 XBCM13 2.9792 3.978 6.0853 9.4620 4.5880 11.6340 4.4810 241
XBCM12 XBCM14 3.6388 3.8786 28.1492 14.3580 4.4220 11.6340 4.4810 302
XBCM12 XBCM15 3.4007 3.8697 95.5884 9.9330 5.0340 11.6340 4.4810 198
XBCM12 XBCM16 4.2476 3.6057 25.8822 10.5720 5.4800 11.6340 4.4810 161
XBCM12 XBCM18 3.7598 3.8561 34.9294 9.3550 5.7230 11.6340 4.4810 287
XBCM12 XBCM19 3.765 3.7289 48.4578 11.2320 5.9750 11.6340 4.4810 172
XBCM12 XBCM20 3.8658 3.9242 30.7132 10.0540 6.2250 11.6340 4.4810 261
XBCM12 XBCM22 4.2808 3.8795 34.0986 13.2680 6.4770 11.6340 4.4810 286
XBCM12 XBCM23 3.1606 3.8646 36.0287 10.7930 6.3700 11.6340 4.4810 229
XBCM12 XBCM24 4.3737 3.9456 52.7446 14.2880 6.5230 11.6340 4.4810 371
XBCM12 XBCM25 3.0466 4.0465 20.5096 11.8110 6.7600 11.6340 4.4810 254
XBCM12 XBCM26 3.1855 4.0362 8.5117 13.5480 7.2650 11.6340 4.4810 375
XBCM12 XBCM28 3.267 3.9375 7.5957 13.2370 8.4690 11.6340 4.4810 477
XBCM12 XBCM29 3.9373 3.7829 10.7213 13.3850 9.3470 11.6340 4.4810 574
XBCM12 XBCM30 3.4564 3.8662 16.3442 13.9500 9.7570 11.6340 4.4810 640
XBCM12 XBCM31 3.8905 3.8378 5.276 15.2620 10.3270 11.6340 4.4810 763
XBCM12 XBCM32 3.8563 4.7629 12.9727 14.3720 10.6190 11.6340 4.4810 746
XBCM13 XBCM18 3.1422 4.2418 15.6142 9.3550 5.7230 9.4620 4.5880 126
XBCM13 XBCM19 2.913 4.1846 7.5071 11.2320 5.9750 9.4620 4.5880 249
XBCM13 XBCM20 2.4935 4.496 4.2911 10.0540 6.2250 9.4620 4.5880 193
XBCM13 XBCM24 3.7932 3.8795 3.286 14.2880 6.5230 9.4620 4.5880 575
XBCM13 XBCM25 4.0697 3.6702 8.407 11.8110 6.7600 9.4620 4.5880 354
XBCM13 XBCM26 3.205 3.862 3.1506 13.5480 7.2650 9.4620 4.5880 541
XBCM13 XBCM30 3.9224 3.7322 3.1261 13.9500 9.7570 9.4620 4.5880 758
XBCM14 XBCM15 3.9032 3.8483 30.494 9.9330 5.0340 14.3580 4.4220 495
XBCM14 XBCM17 3.3039 4.0934 28.4624 12.3120 5.5460 14.3580 4.4220 258
XBCM14 XBCM18 3.5112 3.8728 23.0608 9.3550 5.7230 14.3580 4.4220 572
XBCM14 XBCM19 3.6777 3.9255 25.4916 11.2320 5.9750 14.3580 4.4220 386
XBCM14 XBCM20 3.5984 3.8832 14.4044 10.0540 6.2250 14.3580 4.4220 517
XBCM14 XBCM21 3.6202 3.8285 32.5796 12.6200 6.4670 14.3580 4.4220 297
XBCM14 XBCM22 3.2244 3.8194 34.1744 13.2680 6.4770 14.3580 4.4220 258
XBCM14 XBCM23 3.3135 3.9406 17.115 10.7930 6.3700 14.3580 4.4220 450
XBCM14 XBCM24 3.1876 3.984 43.5821 14.2880 6.5230 14.3580 4.4220 233
XBCM14 XBCM25 3.9771 3.9622 20.6047 11.8110 6.7600 14.3580 4.4220 383
XBCM14 XBCM27 3.911 3.804 18.6354 12.6670 7.3590 14.3580 4.4220 376
XBCM14 XBCM28 4.1358 3.8832 12.6037 13.2370 8.4690 14.3580 4.4220 466
XBCM14 XBCM29 3.5604 3.8809 6.2642 13.3850 9.3470 14.3580 4.4220 558
XBCM14 XBCM30 3.8943 3.9203 17.2624 13.9500 9.7570 14.3580 4.4220 595
XBCM14 XBCM32 3.3435 3.9764 6.1119 14.3720 10.6190 14.3580 4.4220 689
XBCM15 XBCM17 3.2214 3.8377 22.9985 12.3120 5.5460 9.9330 5.0340 269
XBCM15 XBCM19 3.5146 3.8814 112.866 11.2320 5.9750 9.9330 5.0340 177
XBCM15 XBCM21 4.1557 3.6265 45.751 12.6200 6.4670 9.9330 5.0340 337
XBCM15 XBCM22 3.384 3.8673 11.0484 13.2680 6.4770 9.9330 5.0340 402
XBCM15 XBCM23 4.3349 3.5907 31.5915 10.7930 6.3700 9.9330 5.0340 176
XBCM15 XBCM25 3.7617 3.8083 57.8054 11.8110 6.7600 9.9330 5.0340 282
XBCM15 XBCM26 3.2539 3.7748 4.4342 13.5480 7.2650 9.9330 5.0340 470
XBCM15 XBCM28 4.2772 3.7377 3.7915 13.2370 8.4690 9.9330 5.0340 528
XBCM15 XBCM29 3.5809 3.8101 14.0315 13.3850 9.3470 9.9330 5.0340 612
XBCM15 XBCM30 3.2205 3.8428 9.2598 13.9500 9.7570 9.9330 5.0340 687
XBCM15 XBCM31 3.6703 3.8215 13.3649 15.2620 10.3270 9.9330 5.0340 831
XBCM15 XBCM32 3.5571 3.8022 8.0209 14.3720 10.6190 9.9330 5.0340 790
XBCM16 XBCM17 3.6497 3.7354 67.0386 12.3120 5.5460 10.5720 5.4800 192
XBCM16 XBCM18 2.7388 4.0304 73.8092 9.3550 5.7230 10.5720 5.4800 137
XBCM16 XBCM20 2.6904 4.8756 97.3616 10.0540 6.2250 10.5720 5.4800 100
XBCM16 XBCM21 4.159 3.6537 79.8303 12.6200 6.4670 10.5720 5.4800 251
XBCM16 XBCM24 3.7052 3.9371 10.8423 14.2880 6.5230 10.5720 5.4800 427
XBCM16 XBCM25 3.518 3.6726 52.7187 11.8110 6.7600 10.5720 5.4800 197
XBCM16 XBCM26 2.9358 4.023 3.4348 13.5480 7.2650 10.5720 5.4800 384
XBCM16 XBCM27 4.1244 3.6404 88.6484 12.6670 7.3590 10.5720 5.4800 311
XBCM16 XBCM29 4.2009 3.6735 6.0271 13.3850 9.3470 10.5720 5.4800 530
XBCM16 XBCM30 3.7369 3.8393 9.2291 13.9500 9.7570 10.5720 5.4800 604
XBCM16 XBCM31 3.9622 3.7783 5.5566 15.2620 10.3270 10.5720 5.4800 746
XBCM16 XBCM32 3.9061 3.8136 6.233 14.3720 10.6190 10.5720 5.4800 708
XBCM17 XBCM18 3.4466 3.7626 25.7264 9.3550 5.7230 12.3120 5.5460 327
XBCM17 XBCM20 3.8778 3.6696 29.2178 10.0540 6.2250 12.3120 5.5460 260
XBCM17 XBCM21 3.6893 4.4772 61.932 12.6200 6.4670 12.3120 5.5460 107
XBCM17 XBCM22 2.7657 4.3332 36.7751 13.2680 6.4770 12.3120 5.5460 148
XBCM17 XBCM23 3.4059 3.7196 47.0732 10.7930 6.3700 12.3120 5.5460 191
XBCM17 XBCM24 3.1818 4.0757 53.9958 14.2880 6.5230 12.3120 5.5460 244
XBCM17 XBCM27 3.1805 4.1459 117.2723 12.6670 7.3590 12.3120 5.5460 205
XBCM17 XBCM28 3.4124 3.8867 26.2605 13.2370 8.4690 12.3120 5.5460 340
XBCM17 XBCM29 3.4473 3.9891 6.8751 13.3850 9.3470 12.3120 5.5460 439
XBCM17 XBCM31 3.6899 3.9275 9.8468 15.2620 10.3270 12.3120 5.5460 623
XBCM17 XBCM32 3.8836 3.8474 19.0257 14.3720 10.6190 12.3120 5.5460 608
XBCM18 XBCM21 3.8141 3.8321 13.8757 12.6200 6.4670 9.3550 5.7230 370
XBCM18 XBCM23 3.4547 3.8146 85.7586 10.7930 6.3700 9.3550 5.7230 174
XBCM18 XBCM24 3.7354 3.8014 49.7479 14.2880 6.5230 9.3550 5.7230 552
XBCM18 XBCM25 3.5408 3.7692 19.0245 11.8110 6.7600 9.3550 5.7230 295
XBCM18 XBCM26 3.0419 3.9575 4.6481 13.5480 7.2650 9.3550 5.7230 494
XBCM18 XBCM27 3.6555 3.7841 7.6817 12.6670 7.3590 9.3550 5.7230 408
XBCM18 XBCM30 3.4595 3.8082 11.13 13.9500 9.7570 9.3550 5.7230 676
XBCM19 XBCM20 2.7397 4.0552 29.0294 10.0540 6.2250 11.2320 5.9750 133
XBCM19 XBCM27 3.9899 3.6045 76.4069 12.6670 7.3590 11.2320 5.9750 220
XBCM19 XBCM28 3.2904 3.9349 19.5733 13.2370 8.4690 11.2320 5.9750 354
XBCM19 XBCM29 3.4423 3.8316 7.7921 13.3850 9.3470 11.2320 5.9750 443
XBCM19 XBCM32 4.0925 3.8359 15.3405 14.3720 10.6190 11.2320 5.9750 621
XBCM20 XBCM21 2.9954 3.8466 8.4767 12.6200 6.4670 10.0540 6.2250 284
XBCM20 XBCM22 4.0898 3.7075 13.4066 13.2680 6.4770 10.0540 6.2250 356
XBCM20 XBCM24 3.8748 3.7938 10.1791 14.2880 6.5230 10.0540 6.2250 469
XBCM20 XBCM25 2.3357 4.2083 8.1834 11.8110 6.7600 10.0540 6.2250 203
XBCM20 XBCM27 3.3898 3.7742 21.3856 12.6670 7.3590 10.0540 6.2250 314
XBCM20 XBCM28 3.2397 3.8559 7.0538 13.2370 8.4690 10.0540 6.2250 430
XBCM20 XBCM30 3.689 3.7862 13.1131 13.9500 9.7570 10.0540 6.2250 581
XBCM20 XBCM31 3.4008 3.8757 10.8823 15.2620 10.3270 10.0540 6.2250 732
XBCM21 XBCM23 3.4895 3.7594 80.4977 10.7930 6.3700 12.6200 6.4670 202
XBCM21 XBCM24 2.7284 4.1114 72.4414 14.2880 6.5230 12.6200 6.4670 184
XBCM21 XBCM25 3.1847 4.3429 42.8414 11.8110 6.7600 12.6200 6.4670 95
XBCM21 XBCM28 3.2075 3.8864 24.8021 13.2370 8.4690 12.6200 6.4670 232
XBCM21 XBCM29 3.8498 3.8882 46.7234 13.3850 9.3470 12.6200 6.4670 331
XBCM21 XBCM30 3.3144 3.8475 12.9511 13.9500 9.7570 12.6200 6.4670 394
XBCM21 XBCM31 3.8107 3.8867 8.6028 15.2620 10.3270 12.6200 6.4670 518
XBCM22 XBCM23 3.663 3.7603 53.1731 10.7930 6.3700 13.2680 6.4770 273
XBCM22 XBCM24 3.0815 4.1049 68.6937 14.2880 6.5230 13.2680 6.4770 112
XBCM22 XBCM25 2.6027 4.14 16.1939 11.8110 6.7600 13.2680 6.4770 164
XBCM22 XBCM28 3.288 3.9561 31.1363 13.2370 8.4690 13.2680 6.4770 221
XBCM22 XBCM29 3.4948 3.851 35.3015 13.3850 9.3470 13.2680 6.4770 319
XBCM22 XBCM31 3.956 3.8168 8.9542 15.2620 10.3270 13.2680 6.4770 481
XBCM22 XBCM32 3.73 3.8045 11.6642 14.3720 10.6190 13.2680 6.4770 476
XBCM23 XBCM24 3.6842 3.7821 12.9101 14.2880 6.5230 10.7930 6.3700 386
XBCM23 XBCM26 3.7978 3.8302 61.9929 13.5480 7.2650 10.7930 6.3700 320
XBCM23 XBCM27 2.9904 3.9823 66.6136 12.6670 7.3590 10.7930 6.3700 234
XBCM23 XBCM28 4.0026 3.7883 21.347 13.2370 8.4690 10.7930 6.3700 356
XBCM23 XBCM29 3.5606 3.9127 14.6674 13.3850 9.3470 10.7930 6.3700 437
XBCM23 XBCM31 3.4466 3.8859 11.3993 15.2620 10.3270 10.7930 6.3700 659
XBCM23 XBCM32 3.7946 3.8566 7.9189 14.3720 10.6190 10.7930 6.3700 615
XBCM24 XBCM25 2.7263 3.9556 10.9594 11.8110 6.7600 14.2880 6.5230 274
XBCM24 XBCM26 2.9952 4.5911 39.3126 13.5480 7.2650 14.2880 6.5230 116
XBCM24 XBCM27 3.0855 3.973 100.4222 12.6670 7.3590 14.2880 6.5230 201
XBCM24 XBCM28 4.1181 3.5624 105.1108 13.2370 8.4690 14.2880 6.5230 245
XBCM24 XBCM31 3.429 3.9275 7.6968 15.2620 10.3270 14.2880 6.5230 436
XBCM24 XBCM32 3.4072 3.9246 11.5921 14.3720 10.6190 14.2880 6.5230 455
XBCM25 XBCM26 2.3776 4.3297 10.1036 13.5480 7.2650 11.8110 6.7600 199
XBCM25 XBCM27 2.7855 4.6139 91.6131 12.6670 7.3590 11.8110 6.7600 115
XBCM25 XBCM31 4.2881 3.7967 5.2843 15.2620 10.3270 11.8110 6.7600 549
XBCM25 XBCM32 3.0666 3.9594 6.315 14.3720 10.6190 11.8110 6.7600 513
XBCM26 XBCM27 2.4854 4.5776 221.6582 12.6670 7.3590 13.5480 7.2650 97
XBCM26 XBCM30 4.0596 3.8872 61.9341 13.9500 9.7570 13.5480 7.2650 280
XBCM26 XBCM31 3.0731 4.1232 3.7571 15.2620 10.3270 13.5480 7.2650 389
XBCM26 XBCM32 3.9775 3.8564 14.9894 14.3720 10.6190 13.5480 7.2650 383
XBCM27 XBCM28 2.1223 2.2326 91.8133 13.2370 8.4690 12.6670 7.3590 138
XBCM27 XBCM29 3.1616 3.9658 92.1427 13.3850 9.3470 12.6670 7.3590 234
XBCM27 XBCM32 3.0551 3.9531 5.3621 14.3720 10.6190 12.6670 7.3590 408
XBCM28 XBCM29 2.944 4.4426 200.5276 13.3850 9.3470 13.2370 8.4690 99
XBCM28 XBCM30 3.6165 4.02 111.8177 13.9500 9.7570 13.2370 8.4690 163
XBCM28 XBCM31 3.7555 3.9665 37.6716 15.2620 10.3270 13.2370 8.4690 303
XBCM28 XBCM32 3.8418 3.8796 78.7478 14.3720 10.6190 13.2370 8.4690 269
XBCM29 XBCM31 3.4395 4.0994 38.2841 15.2620 10.3270 13.3850 9.3470 232
XBCM29 XBCM32 2.7913 4.2226 32.582 14.3720 10.6190 13.3850 9.3470 178
XBCM30 XBCM31 3.0463 4.2506 72.3914 15.2620 10.3270 13.9500 9.7570 157
