XBCM01 XBCM02 4.3391 3.9484 13.5274 13.2890 2.6980 9.8340 2.3890 385
XBCM01 XBCM03 3.3286 4.261 3.5173 15.0340 3.5190 9.8340 2.3890 591
XBCM01 XBCM04 3.2644 4.3623 83.4903 11.9590 2.9790 9.8340 2.3890 245
XBCM01 XBCM06 4.3917 4.0469 61.3404 11.2680 2.3850 9.8340 2.3890 159
XBCM01 XBCM07 3.2167 4.3132 46.3445 11.4560 3.8700 9.8340 2.3890 244
XBCM01 XBCM10 3.2895 4.1149 19.9194 10.6190 4.2230 9.8340 2.3890 221
XBCM01 XBCM13 2.7991 4.0773 2.8431 9.4620 4.5880 9.8340 2.3890 248
XBCM01 XBCM15 2.4451 4.6848 5.5548 9.9330 5.0340 9.8340 2.3890 294
XBCM01 XBCM17 3.4829 4.1407 5.1597 12.3120 5.5460 9.8340 2.3890 445
XBCM01 XBCM19 3.5748 4.0024 7.4339 11.2320 5.9750 9.8340 2.3890 427
XBCM01 XBCM21 2.6173 3.1429 4.3462 12.6200 6.4670 9.8340 2.3890 548
XBCM01 XBCM22 3.4089 4.3063 3.0709 13.2680 6.4770 9.8340 2.3890 593
XBCM01 XBCM23 3.2778 4.1497 3.4025 10.7930 6.3700 9.8340 2.3890 455
XBCM01 XBCM26 4.238 3.8664 3.248 13.5480 7.2650 9.8340 2.3890 680
XBCM01 XBCM27 3.5171 3.9723 4.4972 12.6670 7.3590 9.8340 2.3890 635
XBCM01 XBCM28 3.6679 3.9905 6.7963 13.2370 8.4690 9.8340 2.3890 774
XBCM01 XBCM29 3.522 4.0672 2.9365 13.3850 9.3470 9.8340 2.3890 867
XBCM01 XBCM30 3.2155 4.1658 4.6569 13.9500 9.7570 9.8340 2.3890 937
XBCM01 XBCM31 3.8293 4.083 2.6074 15.2620 10.3270 9.8340 2.3890 1067
XBCM01 XBCM32 3.7576 3.9668 2.9478 14.3720 10.6190 9.8340 2.3890 1043
XBCM02 XBCM04 2.6221 4.6025 14.367 11.9590 2.9790 13.2890 2.6980 151
XBCM02 XBCM05 4.2763 3.9341 29.8904 9.9140 2.9420 13.2890 2.6980 375
XBCM02 XBCM06 3.3832 4.2452 23.0968 11.2680 2.3850 13.2890 2.6980 227
XBCM02 XBCM07 4.2205 4.0851 127.2907 11.4560 3.8700 13.2890 2.6980 241
XBCM02 XBCM09 4.6709 3.8226 3.6003 9.3280 4.2340 13.2890 2.6980 471
XBCM02 XBCM13 4.442 3.9511 13.8607 9.4620 4.5880 13.2890 2.6980 473
XBCM02 XBCM14 3.298 4.1584 15.9586 14.3580 4.4220 13.2890 2.6980 225
XBCM02 XBCM15 3.4058 4.2278 5.5092 9.9330 5.0340 13.2890 2.6980 454
XBCM02 XBCM17 3.4333 4.1856 13.6285 12.3120 5.5460 13.2890 2.6980 334
XBCM02 XBCM19 3.3571 4.0301 12.7384 11.2320 5.9750 13.2890 2.6980 429
XBCM02 XBCM21 3.8395 4.0597 8.4761 12.6200 6.4670 13.2890 2.6980 425
XBCM02 XBCM24 3.4299 4.2052 4.4568 14.2880 6.5230 13.2890 2.6980 439
XBCM02 XBCM25 4.3766 3.7788 2.7327 11.8110 6.7600 13.2890 2.6980 480
XBCM02 XBCM26 2.953 4.3821 2.5758 13.5480 7.2650 13.2890 2.6980 508
XBCM02 XBCM28 3.815 4.0458 4.265 13.2370 8.4690 13.2890 2.6980 641
XBCM02 XBCM29 3.8135 4.0535 2.8014 13.3850 9.3470 13.2890 2.6980 739
XBCM02 XBCM30 4.2701 3.9324 4.1511 13.9500 9.7570 13.2890 2.6980 788
XBCM02 XBCM32 3.5502 4.0063 2.6272 14.3720 10.6190 13.2890 2.6980 889
XBCM03 XBCM04 3.4986 4.244 3.8974 11.9590 2.9790 15.0340 3.5190 346
XBCM03 XBCM05 3.3198 4.2249 3.0153 9.9140 2.9420 15.0340 3.5190 572
XBCM03 XBCM06 3.5055 4.1864 5.7188 11.2680 2.3850 15.0340 3.5190 436
XBCM03 XBCM07 3.8824 3.9333 7.4262 11.4560 3.8700 15.0340 3.5190 399
XBCM03 XBCM09 4.7188 3.6942 3.685 9.3280 4.2340 15.0340 3.5190 638
XBCM03 XBCM11 3.2716 4.0919 9.7403 13.1880 3.9800 15.0340 3.5190 211
XBCM03 XBCM13 4.4504 3.6825 4.3093 9.4620 4.5880 15.0340 3.5190 629
XBCM03 XBCM15 4.0911 3.9408 6.3713 9.9330 5.0340 15.0340 3.5190 590
XBCM03 XBCM17 3.1355 4.4776 3.6899 12.3120 5.5460 15.0340 3.5190 376
XBCM03 XBCM18 3.274 4.1573 2.7885 9.3550 5.7230 15.0340 3.5190 675
XBCM03 XBCM19 4.1591 3.9412 4.0573 11.2320 5.9750 15.0340 3.5190 502
XBCM03 XBCM20 3.744 3.995 3.4008 10.0540 6.2250 15.0340 3.5190 628
XBCM03 XBCM21 3.7622 3.9954 5.1624 12.6200 6.4670 15.0340 3.5190 423
XBCM03 XBCM22 4.4712 3.7656 5.6005 13.2680 6.4770 15.0340 3.5190 382
XBCM03 XBCM23 3.4092 4.1265 3.8494 10.7930 6.3700 15.0340 3.5190 566
XBCM03 XBCM24 3.2477 4.2369 3.7854 14.2880 6.5230 15.0340 3.5190 344
XBCM03 XBCM25 4.1421 3.9668 3.6732 11.8110 6.7600 15.0340 3.5190 507
XBCM03 XBCM26 3.1455 4.1762 3.5952 13.5480 7.2650 15.0340 3.5190 447
XBCM03 XBCM28 4.2661 3.8673 4.8562 13.2370 8.4690 15.0340 3.5190 585
XBCM03 XBCM29 4.1487 3.7593 2.5571 13.3850 9.3470 15.0340 3.5190 673
XBCM03 XBCM30 3.8875 3.9152 8.4863 13.9500 9.7570 15.0340 3.5190 704
XBCM03 XBCM31 3.5937 4.0781 2.4137 15.2620 10.3270 15.0340 3.5190 757
XBCM03 XBCM32 3.5036 4.0695 5.8317 14.3720 10.6190 15.0340 3.5190 793
XBCM04 XBCM05 3.306 4.1608 68.9515 9.9140 2.9420 11.9590 2.9790 227
XBCM04 XBCM08 3.189 4.5877 13.1665 9.8630 3.9090 11.9590 2.9790 254
XBCM04 XBCM10 2.8921 4.8446 28.7226 10.6190 4.2230 11.9590 2.9790 203
XBCM04 XBCM12 3.6444 3.6565 19.9 11.6340 4.4810 11.9590 2.9790 170
XBCM04 XBCM13 2.7099 2.9961 2.1196 9.4620 4.5880 11.9590 2.9790 329
XBCM04 XBCM15 3.8724 4.0624 24.5296 9.9330 5.0340 11.9590 2.9790 320
XBCM04 XBCM17 2.7964 4.6464 86.5629 12.3120 5.5460 11.9590 2.9790 288
XBCM04 XBCM23 4.2186 3.8876 268.3749 10.7930 6.3700 11.9590 2.9790 398
XBCM04 XBCM24 3.1722 4.3316 5.5369 14.2880 6.5230 11.9590 2.9790 471
XBCM04 XBCM25 3.6336 4.0772 8.4842 11.8110 6.7600 11.9590 2.9790 420
XBCM04 XBCM26 3.7605 3.9265 2.9073 13.5480 7.2650 11.9590 2.9790 508
XBCM04 XBCM27 3.0481 4.5643 3.6695 12.6670 7.3590 11.9590 2.9790 493
XBCM04 XBCM29 4.7753 3.691 5.9372 13.3850 9.3470 11.9590 2.9790 725
XBCM04 XBCM31 3.4555 4.1444 2.3463 15.2620 10.3270 11.9590 2.9790 894
XBCM05 XBCM06 3.6699 4.2126 118.2119 11.2680 2.3850 9.9140 2.9420 162
XBCM05 XBCM07 3.2821 4.5496 202.9623 11.4560 3.8700 9.9140 2.9420 199
XBCM05 XBCM12 3.1154 4.3428 31.9682 11.6340 4.4810 9.9140 2.9420 256
XBCM05 XBCM13 3.4949 3.7458 4.191 9.4620 4.5880 9.9140 2.9420 189
XBCM05 XBCM15 3.3057 4.2238 48.5781 9.9330 5.0340 9.9140 2.9420 232
XBCM05 XBCM16 2.6347 4.7152 20.4465 10.5720 5.4800 9.9140 2.9420 291
XBCM05 XBCM17 4.6158 3.8275 17.7546 12.3120 5.5460 9.9140 2.9420 393
XBCM05 XBCM18 3.8377 3.9876 17.6742 9.3550 5.7230 9.9140 2.9420 315
XBCM05 XBCM19 4.4904 3.648 37.1798 11.2320 5.9750 9.9140 2.9420 367
XBCM05 XBCM20 3.171 4.1778 4.621 10.0540 6.2250 9.9140 2.9420 365
XBCM05 XBCM22 4.132 4.1192 3.0501 13.2680 6.4770 9.9140 2.9420 541
XBCM05 XBCM23 3.9784 3.8546 17.8671 10.7930 6.3700 9.9140 2.9420 393
XBCM05 XBCM24 3.9507 4.0156 3.3882 14.2880 6.5230 9.9140 2.9420 627
XBCM05 XBCM25 3.1531 4.1755 3.3652 11.8110 6.7600 9.9140 2.9420 473
XBCM05 XBCM27 4.2557 3.7579 6.1242 12.6670 7.3590 9.9140 2.9420 578
XBCM05 XBCM28 3.9408 3.9162 3.6008 13.2370 8.4690 9.9140 2.9420 716
XBCM05 XBCM29 3.8394 3.908 4.2739 13.3850 9.3470 9.9140 2.9420 809
XBCM05 XBCM31 3.9138 3.9308 2.5509 15.2620 10.3270 9.9140 2.9420 1011
XBCM05 XBCM32 4.1091 3.8499 3.7061 14.3720 10.6190 9.9140 2.9420 985
XBCM06 XBCM07 4.2059 3.9017 46.7018 11.4560 3.8700 11.2680 2.3850 166
XBCM06 XBCM08 2.5198 2.8783 4.7536 9.8630 3.9090 11.2680 2.3850 230
XBCM06 XBCM09 4.1523 3.9791 4.7774 9.3280 4.2340 11.2680 2.3850 297
XBCM06 XBCM10 3.2568 4.1726 19.5451 10.6190 4.2230 11.2680 2.3850 216
XBCM06 XBCM11 2.9742 4.6205 10.3353 13.1880 3.9800 11.2680 2.3850 277
XBCM06 XBCM12 2.9288 4.6183 43.5476 11.6340 4.4810 11.2680 2.3850 236
XBCM06 XBCM13 3.5731 4.0182 4.3524 9.4620 4.5880 11.2680 2.3850 316
XBCM06 XBCM14 4.0215 4.0402 22.9306 14.3580 4.4220 11.2680 2.3850 411
XBCM06 XBCM16 2.4265 2.7575 2.5384 10.5720 5.4800 11.2680 2.3850 352
XBCM06 XBCM18 3.5204 4.0539 8.7432 9.3550 5.7230 11.2680 2.3850 427
XBCM06 XBCM19 2.4204 4.3977 2.2241 11.2320 5.9750 11.2680 2.3850 399
XBCM06 XBCM20 3.1616 4.0767 3.8722 10.0540 6.2250 11.2680 2.3850 447
XBCM06 XBCM21 3.2299 4.2756 5.5633 12.6200 6.4670 11.2680 2.3850 478
XBCM06 XBCM22 2.9249 4.3008 2.5967 13.2680 6.4770 11.2680 2.3850 506
XBCM06 XBCM23 3.4027 4.1541 7.0489 10.7930 6.3700 11.2680 2.3850 446
XBCM06 XBCM24 4.3517 3.8616 14.3487 14.2880 6.5230 11.2680 2.3850 569
XBCM06 XBCM25 4.5771 3.8435 3.0304 11.8110 6.7600 11.2680 2.3850 490
XBCM06 XBCM26 4.0997 3.9487 7.0314 13.5480 7.2650 11.2680 2.3850 598
XBCM06 XBCM27 4.4313 3.8163 7.2543 12.6670 7.3590 11.2680 2.3850 574
XBCM06 XBCM30 3.4066 3.9684 3.278 13.9500 9.7570 11.2680 2.3850 871
XBCM06 XBCM31 3.3761 4.1042 2.2501 15.2620 10.3270 11.2680 2.3850 987
XBCM07 XBCM09 4.6784 3.5884 43.1794 9.3280 4.2340 11.4560 3.8700 239
XBCM07 XBCM11 3.5066 3.8659 36.8341 13.1880 3.9800 11.4560 3.8700 192
XBCM07 XBCM15 3.4776 4.054 22.5547 9.9330 5.0340 11.4560 3.8700 212
XBCM07 XBCM16 4.5513 3.8008 115.7075 10.5720 5.4800 11.4560 3.8700 204
XBCM07 XBCM18 2.7354 4.7797 11.738 9.3550 5.7230 11.4560 3.8700 310
XBCM07 XBCM19 3.6442 4.079 177.7286 11.2320 5.9750 11.4560 3.8700 235
XBCM07 XBCM23 2.346 4.4092 24.3147 10.7930 6.3700 11.4560 3.8700 287
XBCM07 XBCM24 3.7736 4.1225 63.0127 14.2880 6.5230 11.4560 3.8700 430
XBCM07 XBCM25 3.7708 3.9713 20.0705 11.8110 6.7600 11.4560 3.8700 323
XBCM07 XBCM26 3.4021 4.1353 13.7357 13.5480 7.2650 11.4560 3.8700 442
XBCM07 XBCM28 4.5704 3.719 13.539 13.2370 8.4690 11.4560 3.8700 548
XBCM07 XBCM32 3.9943 3.9057 6.8297 14.3720 10.6190 11.4560 3.8700 816
XBCM08 XBCM10 3.1567 4.2413 27.5328 10.6190 4.2230 9.8630 3.9090 90
XBCM08 XBCM11 3.1659 4.4554 3.1985 13.1880 3.9800 9.8630 3.9090 369
XBCM08 XBCM12 3.3735 4.137 53.178 11.6340 4.4810 9.8630 3.9090 206
XBCM08 XBCM14 2.9116 4.2864 5.9451 14.3580 4.4220 9.8630 3.9090 501
XBCM08 XBCM15 2.6974 4.2885 38.3848 9.9330 5.0340 9.8630 3.9090 125
XBCM08 XBCM16 3.5345 3.901 149.9204 10.5720 5.4800 9.8630 3.9090 191
XBCM08 XBCM18 2.4495 2.633 3.6279 9.3550 5.7230 9.8630 3.9090 209
XBCM08 XBCM19 2.6167 4.6056 3.5423 11.2320 5.9750 9.8630 3.9090 275
XBCM08 XBCM20 3.9079 3.3377 17.3901 10.0540 6.2250 9.8630 3.9090 258
XBCM08 XBCM22 4.5195 3.7142 3.9051 13.2680 6.4770 9.8630 3.9090 473
XBCM08 XBCM25 4.6955 3.7533 9.1396 11.8110 6.7600 9.8630 3.9090 383
XBCM08 XBCM31 2.9661 4.258 2.1935 15.2620 10.3270 9.8630 3.9090 929
XBCM09 XBCM10 2.3318 4.7443 10.5881 10.6190 4.2230 9.3280 4.2340 143
XBCM09 XBCM12 2.6486 4.229 13.3357 11.6340 4.4810 9.3280 4.2340 257
XBCM09 XBCM14 4.5482 3.8639 22.8317 14.3580 4.4220 9.3280 4.2340 558
XBCM09 XBCM16 3.2159 3.8362 38.6414 10.5720 5.4800 9.3280 4.2340 195
XBCM09 XBCM19 2.6285 4.6694 6.296 11.2320 5.9750 9.3280 4.2340 286
XBCM09 XBCM21 4.6856 3.5476 5.6494 12.6200 6.4670 9.3280 4.2340 441
XBCM09 XBCM22 3.8778 3.9151 3.1285 13.2680 6.4770 9.3280 4.2340 502
XBCM09 XBCM23 2.2712 4.0583 12.1862 10.7930 6.3700 9.3280 4.2340 287
XBCM09 XBCM24 3.7409 3.9693 6.4657 14.2880 6.5230 9.3280 4.2340 605
XBCM09 XBCM25 4.1302 3.8587 7.8562 11.8110 6.7600 9.3280 4.2340 393
XBCM09 XBCM26 3.0839 4.1936 2.6757 13.5480 7.2650 9.3280 4.2340 575
XBCM09 XBCM27 4.409 3.714 34.9384 12.6670 7.3590 9.3280 4.2340 507
XBCM09 XBCM28 4.1686 3.6911 3.9157 13.2370 8.4690 9.3280 4.2340 639
XBCM09 XBCM29 4.4689 3.6617 5.0029 13.3850 9.3470 9.3280 4.2340 723
XBCM09 XBCM30 3.8333 3.8702 5.2369 13.9500 9.7570 9.3280 4.2340 798
XBCM09 XBCM32 3.7338 3.8838 3.2377 14.3720 10.6190 9.3280 4.2340 901
XBCM10 XBCM11 2.4421 4.5734 6.3052 13.1880 3.9800 10.6190 4.2230 286
XBCM10 XBCM13 2.5367 4.8476 7.9397 9.4620 4.5880 10.6190 4.2230 134
XBCM10 XBCM14 3.8679 4.0124 12.8008 14.3580 4.4220 10.6190 4.2230 415
XBCM10 XBCM16 2.912 4.1142 76.3904 10.5720 5.4800 10.6190 4.2230 139
XBCM10 XBCM17 3.0967 4.3346 26.6901 12.3120 5.5460 10.6190 4.2230 238
XBCM10 XBCM18 3.239 4.1408 14.5843 9.3550 5.7230 10.6190 4.2230 217
XBCM10 XBCM19 3.1869 4.097 129.4077 11.2320 5.9750 10.6190 4.2230 206
XBCM10 XBCM20 3.0871 4.0978 19.6069 10.0540 6.2250 10.6190 4.2230 231
XBCM10 XBCM22 4.6839 3.8773 12.2884 13.2680 6.4770 10.6190 4.2230 385
XBCM10 XBCM23 3.0113 4.2987 11.8109 10.7930 6.3700 10.6190 4.2230 239
XBCM10 XBCM25 3.7427 3.8844 9.4862 11.8110 6.7600 10.6190 4.2230 311
XBCM10 XBCM26 3.1644 4.2285 4.2204 13.5480 7.2650 10.6190 4.2230 468
XBCM10 XBCM28 4.4676 3.7373 8.6935 13.2370 8.4690 10.6190 4.2230 553
XBCM10 XBCM29 4.3518 3.7894 6.2224 13.3850 9.3470 10.6190 4.2230 646
XBCM10 XBCM31 4.4351 3.8064 2.5302 15.2620 10.3270 10.6190 4.2230 850
XBCM10 XBCM32 3.7515 3.9134 3.3317 14.3720 10.6190 10.6190 4.2230 822
XBCM11 XBCM15 4.1833 3.843 14.1659 9.9330 5.0340 13.1880 3.9800 379
XBCM11 XBCM16 3.5477 4.1322 3.3708 10.5720 5.4800 13.1880 3.9800 334
XBCM11 XBCM17 2.8211 4.5173 67.2947 12.3120 5.5460 13.1880 3.9800 199
XBCM11 XBCM18 3.1392 4.1997 4.098 9.3550 5.7230 13.1880 3.9800 466
XBCM11 XBCM19 4.0058 4.0071 3.0885 11.2320 5.9750 13.1880 3.9800 310
XBCM11 XBCM21 2.9402 4.6023 14.1118 12.6200 6.4670 13.1880 3.9800 283
XBCM11 XBCM22 2.7956 4.6526 6.7276 13.2680 6.4770 13.1880 3.9800 277
XBCM11 XBCM23 4.618 3.8171 20.0252 10.7930 6.3700 13.1880 3.9800 375
XBCM11 XBCM24 3.9113 3.9641 212.3235 14.2880 6.5230 13.1880 3.9800 307
XBCM11 XBCM25 3.2992 4.1365 3.7848 11.8110 6.7600 13.1880 3.9800 344
XBCM11 XBCM26 4.773 3.7329 10.5274 13.5480 7.2650 13.1880 3.9800 367
XBCM11 XBCM27 4.605 3.8207 32.8022 12.6670 7.3590 13.1880 3.9800 380
XBCM11 XBCM28 2.9395 4.3274 2.9345 13.2370 8.4690 13.1880 3.9800 499
XBCM11 XBCM29 3.3668 4.2351 3.1845 13.3850 9.3470 13.1880 3.9800 597
XBCM11 XBCM30 3.485 3.9988 5.1568 13.9500 9.7570 13.1880 3.9800 648
XBCM11 XBCM31 3.5804 3.992 2.6133 15.2620 10.3270 13.1880 3.9800 742
XBCM11 XBCM32 4.3699 3.8147 5.2232 14.3720 10.6190 13.1880 3.9800 749
XBCM12 XBCM13 2.8831 4.3149 5.8252 9.4620 4.5880 11.6340 4.4810 241
XBCM12 XBCM14 3.9006 3.9135 18.4938 14.3580 4.4220 11.6340 4.4810 302
XBCM12 XBCM15 3.1874 4.01 44.0097 9.9330 5.0340 11.6340 4.4810 198
XBCM12 XBCM18 3.9657 3.8614 7.5306 9.3550 5.7230 11.6340 4.4810 287
XBCM12 XBCM19 3.4527 3.7312 25.6056 11.2320 5.9750 11.6340 4.4810 172
XBCM12 XBCM20 4.1092 3.9189 88.7188 10.0540 6.2250 11.6340 4.4810 261
XBCM12 XBCM22 4.235 3.7956 5.2079 13.2680 6.4770 11.6340 4.4810 286
XBCM12 XBCM23 3.0737 4.0787 47.0919 10.7930 6.3700 11.6340 4.4810 229
XBCM12 XBCM25 2.9646 4.3775 19.8094 11.8110 6.7600 11.6340 4.4810 254
XBCM12 XBCM26 2.9796 4.327 2.9698 13.5480 7.2650 11.6340 4.4810 375
XBCM12 XBCM29 4.1744 3.7337 6.5015 13.3850 9.3470 11.6340 4.4810 574
XBCM12 XBCM30 3.4859 3.9729 6.8935 13.9500 9.7570 11.6340 4.4810 640
XBCM12 XBCM31 4.2836 3.7991 2.8233 15.2620 10.3270 11.6340 4.4810 763
XBCM12 XBCM32 4.5033 4.9401 10.481 14.3720 10.6190 11.6340 4.4810 746
XBCM13 XBCM18 2.6997 4.6471 6.2971 9.3550 5.7230 9.4620 4.5880 126
XBCM13 XBCM19 3.0743 4.6066 5.031 11.2320 5.9750 9.4620 4.5880 249
XBCM13 XBCM24 4.1276 3.8716 3.2608 14.2880 6.5230 9.4620 4.5880 575
XBCM13 XBCM25 4.5456 3.5729 6.1227 11.8110 6.7600 9.4620 4.5880 354
XBCM13 XBCM26 2.9301 4.0768 2.7364 13.5480 7.2650 9.4620 4.5880 541
XBCM13 XBCM30 3.9771 3.6908 3.4399 13.9500 9.7570 9.4620 4.5880 758
XBCM14 XBCM17 3.3116 4.3186 40.9857 12.3120 5.5460 14.3580 4.4220 258
XBCM14 XBCM18 3.9319 3.9277 18.9363 9.3550 5.7230 14.3580 4.4220 572
XBCM14 XBCM19 4.301 3.9428 78.3318 11.2320 5.9750 14.3580 4.4220 386
XBCM14 XBCM20 3.9414 3.9323 3.4233 10.0540 6.2250 14.3580 4.4220 517
XBCM14 XBCM21 3.8554 3.8592 14.6519 12.6200 6.4670 14.3580 4.4220 297
XBCM14 XBCM23 3.2663 4.1164 10.1883 10.7930 6.3700 14.3580 4.4220 450
XBCM14 XBCM24 3.1495 4.2208 39.8704 14.2880 6.5230 14.3580 4.4220 233
XBCM14 XBCM27 4.6256 3.7443 59.6596 12.6670 7.3590 14.3580 4.4220 376
XBCM14 XBCM30 4.2283 3.8945 11.379 13.9500 9.7570 14.3580 4.4220 595
XBCM15 XBCM17 2.3688 4.1474 14.6004 12.3120 5.5460 9.9330 5.0340 269
XBCM15 XBCM19 3.5486 3.9641 63.7389 11.2320 5.9750 9.9330 5.0340 177
XBCM15 XBCM21 4.7776 3.5003 41.7922 12.6200 6.4670 9.9330 5.0340 337
XBCM15 XBCM22 3.6381 3.9681 12.6464 13.2680 6.4770 9.9330 5.0340 402
XBCM15 XBCM25 3.9941 3.8047 141.1893 11.8110 6.7600 9.9330 5.0340 282
XBCM15 XBCM28 4.6078 3.6159 11.0956 13.2370 8.4690 9.9330 5.0340 528
XBCM15 XBCM29 3.6186 3.862 4.2112 13.3850 9.3470 9.9330 5.0340 612
XBCM15 XBCM31 3.5986 3.8615 8.692 15.2620 10.3270 9.9330 5.0340 831
XBCM15 XBCM32 3.8721 3.8389 4.2581 14.3720 10.6190 9.9330 5.0340 790
XBCM16 XBCM17 3.3522 3.7682 27.4296 12.3120 5.5460 10.5720 5.4800 192
XBCM16 XBCM18 2.4889 4.5505 27.9357 9.3550 5.7230 10.5720 5.4800 137
XBCM16 XBCM21 4.3953 3.5393 47.7873 12.6200 6.4670 10.5720 5.4800 251
XBCM16 XBCM24 3.8346 3.9861 51.4368 14.2880 6.5230 10.5720 5.4800 427
XBCM16 XBCM25 3.2002 3.7283 25.9942 11.8110 6.7600 10.5720 5.4800 197
XBCM16 XBCM26 2.8055 4.4026 2.7014 13.5480 7.2650 10.5720 5.4800 384
XBCM16 XBCM29 4.4917 3.557 9.5667 13.3850 9.3470 10.5720 5.4800 530
XBCM16 XBCM30 3.7345 3.8681 6.2196 13.9500 9.7570 10.5720 5.4800 604
XBCM16 XBCM31 4.2516 3.7215 3.1843 15.2620 10.3270 10.5720 5.4800 746
XBCM17 XBCM18 3.1428 3.8736 3.7737 9.3550 5.7230 12.3120 5.5460 327
XBCM17 XBCM20 4.2381 3.6048 25.7051 10.0540 6.2250 12.3120 5.5460 260
XBCM17 XBCM21 4.0597 4.6152 52.9746 12.6200 6.4670 12.3120 5.5460 107
XBCM17 XBCM23 3.2114 3.8058 20.2488 10.7930 6.3700 12.3120 5.5460 191
XBCM17 XBCM24 3.0972 4.3513 32.4815 14.2880 6.5230 12.3120 5.5460 244
XBCM17 XBCM27 3.1929 4.4391 152.296 12.6670 7.3590 12.3120 5.5460 205
XBCM17 XBCM28 3.3521 4.0202 18.6029 13.2370 8.4690 12.3120 5.5460 340
XBCM17 XBCM29 3.4216 4.127 10.6911 13.3850 9.3470 12.3120 5.5460 439
XBCM17 XBCM31 3.7545 3.973 3.9693 15.2620 10.3270 12.3120 5.5460 623
XBCM17 XBCM32 3.8875 3.844 6.6255 14.3720 10.6190 12.3120 5.5460 608
XBCM18 XBCM21 4.5294 3.7782 17.658 12.6200 6.4670 9.3550 5.7230 370
XBCM18 XBCM23 3.3976 3.9003 35.2118 10.7930 6.3700 9.3550 5.7230 174
XBCM18 XBCM24 4.1066 3.7898 36.665 14.2880 6.5230 9.3550 5.7230 552
XBCM18 XBCM25 3.6652 3.8101 3.7724 11.8110 6.7600 9.3550 5.7230 295
XBCM18 XBCM30 3.0947 3.9137 8.9922 13.9500 9.7570 9.3550 5.7230 676
XBCM19 XBCM20 2.5327 4.5707 8.9847 10.0540 6.2250 11.2320 5.9750 133
XBCM19 XBCM27 3.8919 3.5273 90.4034 12.6670 7.3590 11.2320 5.9750 220
XBCM19 XBCM28 3.2197 4.1247 5.5222 13.2370 8.4690 11.2320 5.9750 354
XBCM19 XBCM29 3.2839 3.9421 18.532 13.3850 9.3470 11.2320 5.9750 443
XBCM20 XBCM21 2.3714 4.2193 9.5404 12.6200 6.4670 10.0540 6.2250 284
XBCM20 XBCM22 4.4238 3.6119 9.3195 13.2680 6.4770 10.0540 6.2250 356
XBCM20 XBCM24 4.3624 3.7462 2.6512 14.2880 6.5230 10.0540 6.2250 469
XBCM20 XBCM27 3.4699 3.8655 8.5568 12.6670 7.3590 10.0540 6.2250 314
XBCM20 XBCM28 3.3411 4.0184 4.5504 13.2370 8.4690 10.0540 6.2250 430
XBCM20 XBCM30 3.9012 3.7937 7.3606 13.9500 9.7570 10.0540 6.2250 581
XBCM20 XBCM31 3.5562 3.9832 3.3733 15.2620 10.3270 10.0540 6.2250 732
XBCM21 XBCM23 3.3309 3.8335 50.6354 10.7930 6.3700 12.6200 6.4670 202
XBCM21 XBCM24 2.3841 4.7069 52.1931 14.2880 6.5230 12.6200 6.4670 184
XBCM21 XBCM25 2.9849 4.726 24.8194 11.8110 6.7600 12.6200 6.4670 95
XBCM21 XBCM28 2.9209 4.1038 14.7441 13.2370 8.4690 12.6200 6.4670 232
XBCM21 XBCM31 3.9544 3.9002 3.4472 15.2620 10.3270 12.6200 6.4670 518
XBCM22 XBCM23 3.9053 3.7662 72.4335 10.7930 6.3700 13.2680 6.4770 273
XBCM22 XBCM24 2.9188 4.4278 28.4452 14.2880 6.5230 13.2680 6.4770 112
XBCM22 XBCM25 2.3487 4.8244 2.258 11.8110 6.7600 13.2680 6.4770 164
XBCM22 XBCM28 3.1731 4.1507 27.1873 13.2370 8.4690 13.2680 6.4770 221
XBCM22 XBCM29 3.6254 3.929 13.8626 13.3850 9.3470 13.2680 6.4770 319
XBCM22 XBCM31 4.0499 3.7746 3.0836 15.2620 10.3270 13.2680 6.4770 481
XBCM22 XBCM32 4.4534 3.7652 57.8637 14.3720 10.6190 13.2680 6.4770 476
XBCM23 XBCM24 3.9216 3.7834 36.9427 14.2880 6.5230 10.7930 6.3700 386
XBCM23 XBCM27 2.9516 4.3012 80.4358 12.6670 7.3590 10.7930 6.3700 234
XBCM23 XBCM29 3.5151 4.0068 10.0562 13.3850 9.3470 10.7930 6.3700 437
XBCM23 XBCM31 3.3652 4.0107 3.9269 15.2620 10.3270 10.7930 6.3700 659
XBCM23 XBCM32 3.7109 3.8798 3.3214 14.3720 10.6190 10.7930 6.3700 615
XBCM24 XBCM25 2.573 4.4338 9.2125 11.8110 6.7600 14.2880 6.5230 274
XBCM24 XBCM27 3.1408 4.2361 154.2353 12.6670 7.3590 14.2880 6.5230 201
XBCM24 XBCM28 4.165 3.4574 60.655 13.2370 8.4690 14.2880 6.5230 245
XBCM24 XBCM31 3.7387 4.044 12.1561 15.2620 10.3270 14.2880 6.5230 436
XBCM24 XBCM32 3.1597 4.0799 4.8513 14.3720 10.6190 14.2880 6.5230 455
XBCM25 XBCM31 4.7167 3.6773 5.4717 15.2620 10.3270 11.8110 6.7600 549
XBCM25 XBCM32 2.5057 4.3471 3.5421 14.3720 10.6190 11.8110 6.7600 513
XBCM26 XBCM30 4.516 3.8272 104.8962 13.9500 9.7570 13.5480 7.2650 280
XBCM26 XBCM31 3.0574 4.4644 2.5739 15.2620 10.3270 13.5480 7.2650 389
XBCM26 XBCM32 4.2943 3.8105 16.0809 14.3720 10.6190 13.5480 7.2650 383
XBCM27 XBCM29 3.0063 4.2244 138.7661 13.3850 9.3470 12.6670 7.3590 234
XBCM27 XBCM32 2.2764 4.3856 2.1612 14.3720 10.6190 12.6670 7.3590 408
XBCM28 XBCM30 3.8481 4.098 78.0498 13.9500 9.7570 13.2370 8.4690 163
XBCM28 XBCM31 4.0028 3.9966 38.8717 15.2620 10.3270 13.2370 8.4690 303
XBCM28 XBCM32 4.0709 3.8763 142.0565 14.3720 10.6190 13.2370 8.4690 269
XBCM29 XBCM31 3.3231 4.2853 45.2028 15.2620 10.3270 13.3850 9.3470 232
XBCM30 XBCM31 2.8872 4.6787 49.2517 15.2620 10.3270 13.9500 9.7570 157
